Ano	Mes	SLuis	teresina	fortaleza	natal	JPessoa	recife	maceio	aracaju	salvador
1961	1	251,4	171,2	162,7	174,4	273,4	102,4	75,2	23,5	47,9
1961	2	502,6	398,7	465,7	35	57,3	135,7	50,6	15,5	7,8
1961	3	327,7	251,4	287,6	306,4	191,2	348,1	243	292,5	76,4
1961	4	438	181,4	367,7	313,4	511,4	424,8	162,4	96,3	91
1961	5	424,1	56,1	182,8	197,5	276,5	248	261,7	130,3	194,9
1961	6	172,6	1,6	76,4	115,6	324,9	336,5	270,5	226,3	223
1961	7	56,3	0	118,8	175,5	320,9	355,2	192,1	166,8	107,8
1961	8	7,7	0	0,3	39,7	90,6	243,8	56,8	101,1	77,4
1961	9	12,8	11,1	15,9	62,3	82,4	91,2	21,9	1,2	5,8
1961	10	3,7	6,4	5	33	72,6	86	138,2	27,7	39,7
1961	11	0,2	34,3	8	0	8	8,5	52,5	13,4	8
1961	12	49,5	80,7	68,1	9,1	13,2	18	18,7	26,4	66,4
1962	1	177,2	170	71,9	1,1	10,6	0	0,5	1	6,1
1962	2	224	168,5	100,8	15,4	72,7	90,5	52,8	13,7	61,7
1962	3	443,7	210,7	359,4	194,4	186,7	155,6	98,9	63,6	169,9
1962	4	315,1	100,9	381,1	171	169,6	128	190,9	143,1	138,3
1962	5	325,6	27,7	173,5	197,7	266,9	286,1	273,4	503,4	185,4
1962	6	103,8	72,1	93,3	186,8	253,5	562,6	365,6	262,7	227,7
1962	7	120,5	6,8	5,8	113,1	289,8	290,7	152,3	74,3	230,5
1962	8	41,6	0	28,7	114,8	129,8	143	99,9	108,2	79,1
1962	9	6,2	0,7	31,5	121,8	105,4	164,5	38,9	71,5	24
1962	10	2,8	4,8	7,2	6	17,6	21,8	28,2	24,7	70,1
1962	11	35,8	75	11,8	2,3	2,2	6,2	22,9	56,9	142,5
1962	12	68	265,3	11,7	30,3	42,3	105,1	29,1	12,6	54,5
1963	1	210,6	190	221,1	59	30,2	23,7	27	0	33
1963	2	345,2	342,1	248,6	181,9	189,1	157,3	55,4	15,7	272,6
1963	3	483,5	385,8	630	200,3	302,3	402,7	279,9	115,2	120,5
1963	4	340,7	152,3	586,2	227,3	286,8	333,5	168,9	228,4	205
1963	5	266,2	93,8	118,6	88	176,4	216,9	146,1	393,1	380,4
1963	6	163,9	0,1	41,9	93,4	146,3	274,9	297,3	83,2	136,9
1963	7	87,1	3	4	103,8	363	210	136,6	168	140,7
1963	8	26,7	0	0,2	42,6	130,9	168,2	90	45,4	97,6
1963	9	4,7	4	6	13,4	26,1	64,2	75,6	47,8	37,9
1963	10	14,5	59,1	2,3	8,2	5,6	19,1	37,3	3,8	24,3
1963	11	76	118,9	42,7	70,5	35,5	71,9	24,9	25	75
1963	12	192,1	307,6	208,7	108,4	130,8	98,9	147,8	134	305,3
1964	1	202,6	286,8	295,3	189,4	270	141,8	120,9	33,7	481,2
1964	2	306,8	325	464,7	234	303,2	296,7	69,7	72,3	140,3
1964	3	531,2	386,6	388,5	240,7	218,6	625,6	303	171,2	361,4
1964	4	496,4	408,7	558,6	318,1	476	452,1	388	373,2	376,5
1964	5	507,9	179,9	310,7	343	701,6	365,1	359,5	222,9	424,5
1964	6	184,9	16,8	94,8	280,9	518,7	679,5	392,9	141,5	259,3
1964	7	109,7	21,5	145,9	306,6	567	413,1	253,7	217,2	225,1
1964	8	45	11,1	26,4	150,5	285,6	263,8	249,2	201,1	255,6
1964	9	70,6	13,4	70,8	127,7	226,7	223,6	213,7	164,7	110,4
1964	10	40,2	1	10	7,6	35,7	13,7	42,2	123,2	176,8
1964	11	239,6	10,8	3,8	18,6	16,7	27,4	12,4	128,7	222,2
1964	12	13,3	70,9	17,2	3,2	17,2	23,1	50,5	176,1	189,9
1965	1	211,1	146,1	112,9	71,5	49,6	259,9	139,2	104,2	85,9
1965	2	118,6	116,3	10,2	7,8	7,4	23,2	16,4	14,5	47,9
1965	3	251,9	259,4	219,1	101,3	43,4	73,7	106,8	271	56,5
1965	4	455,6	608,2	469,2	480	314,9	352,7	236,8	338,3	473,7
1965	5	303,5	66,4	383,5	352,3	478	350,5	230,7	157,8	299,9
1965	6	216,4	57,3	314,2	327	731	655,7	438,7	496,9	258
1965	7	74,6	0	60,7	178	166,9	152,4	166	296,2	128,1
1965	8	13,5	1,4	27,7	41,4	94,3	162,7	172,7	33,7	101,2
1965	9	0	6,4	13,7	55,6	105,1	86,4	92,6	164,4	39,3
1965	10	0	30,7	5,9	12,9	21,7	84,5	70,3	276,7	99,5
1965	11	8,3	61,2	2,1	7,8	21,9	41,3	42,5	29,5	206,2
1965	12	5	9	10,2	15	42,1	49,3	45,1	50	46,5
1966	1	13,9	121,9	27,2	8,6	77,7	186,9	151,2	79,6	45
1966	2	217,7	314,1	48,2	74,5	159,7	302,9	168,2	232,7	203
1966	3	257,5	175,6	181,5	45,2	142,5	368,9	89,7	116,4	92
1966	4	401,5	274,9	329,3	101,3	126,6	51,3	131,5	550,6	207,3
1966	5	300,6	142,5	300,4	218	129,3	496,8	319,7	480,1	703,7
1966	6	181	23,7	154,5	240	256,2	312,5	169,5	192,8	196,8
1966	7	198,9	2,8	156,4	435,9	537	651,5	243,7	186,9	178,7
1966	8	13,8	0,8	15,7	135,4	140,3	111,8	93,1	96,4	148,9
1966	9	0	2,4	44,6	89	112,5	255,7	254	91,3	93,5
1966	10	0	2,1	2	0,6	4,8	0	14,8	50,8	138,2
1966	11	29	156,9	19,4	28,7	58,1	68,1	48,3	71,3	103,7
1966	12	15,7	96,2	9,8	14	3	39	22,1	4,7	97,2
1967	1	11,1	254,1	21,8	2,2	19,4	11,3	37,3	6,7	9,6
1967	2	141,6	244,6	402,7	143	62,5	96,4	135,6	78,8	62
1967	3	424,3	496,7	362,6	352,2	425,8	339,7	166,6	105,2	173,6
1967	4	523,8	264,3	356,7	239	414,8	508,1	449,1	286,6	392,3
1967	5	532,2	278	438,4	138	265,9	390,5	349,4	417,5	363,9
1967	6	155,3	0,9	182,1	387,7	384,2	311,2	235,3	299,8	162,3
1967	7	94,5	0,5	88,4	211,5	231,9	326,7	362,9	188,7	139,4
1967	8	0	0	32,2	38,6	211,4	296,5	224	107,1	117,5
1967	9	0	0,3	22,6	56,5	43,9	30	150,5	61,4	95,4
1967	10	45,3	13,6	17,8	48,2	58,1	64,7	118	23,2	54,4
1967	11	6	25	2,4	3	0	3,3	5,5	1,6	97,7
1967	12	55,5	191,8	9,2	11,5	4,2	30,2	56,4	87,8	267,5
1968	1	168,8	57,7	260	51,6	88,6	218,4	118,9	95,9	200,2
1968	2	365,7	303,1	101,6	38,8	64,6	135,7	34,5	38,8	294,8
1968	3	525,1	654	211,4	213,9	354	407,2	243,5	243,5	288,1
1968	4	361,3	141,1	341,7	208,5	182,5	249,9	192,3	116,4	193,4
1968	5	310,8	199	291,3	149,9	112	226,3	547,4	495,6	467,9
1968	6	117,2	0,2	20,4	61,5	85,6	162,6	221,6	186,9	364,1
1968	7	62,7	7,3	59,9	220	221,5	260,5	196,9	133,8	127,4
1968	8	5,2	5,5	11	27,5	64,1	112,2	267,8	80,8	102,5
1968	9	0	7,3	6,7	2,9	98,3	71,6	116,8	46,5	126,8
1968	10	25,4	15,5	27,2	4,2	0	22,4	15,9	1,9	83,2
1968	11	26,2	215,7	2,3	3,1	7,4	7,3	43,1	86,3	159,2
1968	12	173,4	183,3	46,7	21,6	21	51,4	48,5	5,3	96,2
1969	1	266	290,8	81,2	93,1	76	156,7	99,9	43,1	100,7
1969	2	205,8	101,5	100,6	96,3	48,7	25,4	142,3	61,1	133,4
1969	3	385	279,8	489,7	168,6	198,8	178,5	179,2	219,7	287,5
1969	4	376,1	187,9	349,6	195,8	380,6	96	465	143,8	234,1
1969	5	375,3	59	374,7	160,4	413	457,8	484,9	387	592,2
1969	6	216,6	9,7	151,5	252,8	547,5	497,6	335,5	196,7	361,8
1969	7	296,7	16,2	183,9	202,6	350	455,3	631,2	154,8	164,4
1969	8	46,5	5,5	26,8	170,1	130	235,4	100	27,7	122,3
1969	9	0	18,9	19,4	19,6	57	70,6	107,6	35,7	83,9
1969	10	19,4	22,2	19,9	8,4	42,2	20,1	65,7	13	46,1
1969	11	41,1	50,3	1,5	4,5	9,5	43,3	36,3	1,1	39,5
1969	12	0	85,8	4	7,4	13	46,7	33,3	190,6	308,5
1970	1	124	256,6	92,6	26,9	5,5	102,2	86,1	27,5	192,1
1970	2	163,1	180,3	39	18,8	71,6	113,3	108,3	48,9	164,5
1970	3	225,6	262,1	220,8	208,4	385,7	269,4	292	193,6	73
1970	4	386	178,3	578,6	212,3	517,9	591,3	221,6	78,3	205,1
1970	5	213,2	67,1	53,5	60,8	199,9	186,7	96,2	76,1	244,6
1970	6	176,7	13,8	89,2	214,7	351,7	367,8	145,8	72,3	242
1970	7	112,2	0,3	33,2	93,3	327,7	503,6	269,3	88,9	238,1
1970	8	11,4	5,7	15,3	241	536,4	626	83,7	95,2	139,4
1970	9	25,2	3,9	4,1	29,3	74,6	77,2	39,6	50,2	69,4
1970	10	1,1	44,4	6	2,9	1	11,9	28,6	88,2	102,3
1970	11	66	80,1	47,1	20,1	21	29	0	68,5	221,2
1970	12	3,4	47,8	12,5	1,6	12,1	33,6	3,2	2,6	24,2
1971	1	368,7	146,5	246,8	51,6	145,5	64,1	9,5	9,6	95,4
1971	2	359,8	201,2	177,7	60,1	44,8	40,6	13	87,8	55,9
1971	3	416,3	359	329,2	97,8	197,6	173,1	46,9	110,2	83,4
1971	4	515,5	344,6	225,4	209,8	241,8	190,2	99,3	155,1	653,6
1971	5	336,3	117,5	291,7	276,3	283,4	523,9	270,1	262,5	436,3
1971	6	214	51,3	259,4	164,3	243,5	277,5	194,9	318,8	311,9
1971	7	159,9	22,8	298,3	255,9	259,8	413,2	377,1	147,5	428,6
1971	8	113,5	13,2	29,2	184,4	155,9	154,9	99,6	80,6	288,4
1971	9	18,6	25,8	3,6	74,9	96,5	170,1	185,8	103,8	156,7
1971	10	9,3	49,3	35,6	95	220,3	145,9	134,4	118,4	162,1
1971	11	0	73,3	11	94,5	105,4	51,9	3	4,8	66,5
1971	12	93,3	101,2	26,9	11,9	5,5	11,4	0	3,7	68,2
1972	1	435,3	136	35,5	12	80,6	39,8	66,6	43,3	67,9
1972	2	559,8	231,5	98,1	13,9	77,9	62,1	25,4	89,6	129,6
1972	3	428	254,1	169,2	56,1	121,2	157,3	53,8	76,9	51,2
1972	4	801,9	303,9	83,6	160,1	305,5	359,3	560,3	161,8	272,4
1972	5	556,3	128	300,8	240,7	375,1	287,1	373,2	167,7	313,5
1972	6	272,6	35,5	250,1	59,6	329,9	338,7	331,4	238	242,7
1972	7	130,6	20,9	103,9	223,3	345,7	239	127,9	76,6	75,2
1972	8	15,2	18,6	190,4	116,8	258,7	313,7	282,8	140,7	165
1972	9	61,3	12,7	13,1	59,5	97,1	127,9	132	40,5	152,9
1972	10	0,5	5,4	11,2	18,7	26,6	71,3	98,8	21,2	174,7
1972	11	18,9	14,2	1,8	2,1	1,1	8,9	17,8	8,9	34,8
1972	12	227,7	232,3	29,7	15,8	13,7	39,7	18	87,2	74,7
1973	1	259,6	218,5	124,5	86,1	77,1	76,4	94,6	23	66
1973	2	431,7	202,3	384,7	193,1	71,4	111	18	28,6	18,5
1973	3	304,3	334,4	424,2	237,4	193,4	201,1	13	21,4	59
1973	4	429,3	438,3	407,7	325	549,5	770,4	346,4	102,4	165,6
1973	5	378,8	217,5	324,4	324,4	393,1	313	112	305,3	599,9
1973	6	195,6	28,6	231,9	553,5	624,9	501,2	236,8	250,1	479,3
1973	7	122,2	54,3	195,9	453,4	269,7	422,6	197	191,1	225,4
1973	8	19,7	2,9	25,8	37,1	115,3	100,7	222,3	80,3	151,2
1973	9	68,7	15,2	38,8	138,8	147,4	200,4	228,4	160,7	177,8
1973	10	3,8	93,4	12,9	11,5	38,8	118,6	162,2	130,6	260,6
1973	11	14,6	33,9	26,8	21,7	13,7	23,8	9,6	21,8	170,9
1973	12	48,2	121,6	11,3	37,1	24,2	65,6	10	12,8	48,8
1974	1	196,1	232,7	318	255,8	260,6	210,1	59,4	174,6	163,2
1974	2	412,6	285	204,2	209,1	112,4	174,5	123,2	107,8	292,2
1974	3	325,1	442,6	547,1	304,1	277,7	323,5	136,8	264,5	137,9
1974	4	345,2	379,9	641,8	463,7	236,4	285,3	237,5	316,8	458,3
1974	5	167,1	233,3	680,9	395,1	434	454,6	244	488,1	429,6
1974	6	31,6	13,3	150,5	199,2	226,9	299,6	258,6	150	202
1974	7	53,4	10,8	21,5	276,1	308,5	252,6	273,6	139,1	135,6
1974	8	0,6	1,6	31,8	99	189,5	76,1	131,8	87,2	92,1
1974	9	0	35	62,4	162,8	132,9	121,3	85,8	100,3	80,7
1974	10	14,6	51,2	25,3	9,5	11,1	14,8	0	47,9	112,2
1974	11	23,3	44,2	19,7	10,3	24,7	15,2	29,2	119,7	155,2
1974	12	41,4	98	84,1	39,3	25,3	86,3	11,9	8,6	189,6
1975	1	359,1	132,4	101,9	13,8	87,2	87,1	106,9	85,2	118,1
1975	2	240,9	193	131,5	87,9	43,7	53	15,2	25,8	114,5
1975	3	374	258,3	483,7	119,5	147,2	257,1	107	114,1	169,2
1975	4	470,4	233,1	252,7	91,2	108,1	110,6	230,3	279,3	737,9
1975	5	226	207,8	421,8	134,3	283,4	335,3	660,6	295,7	560,4
1975	6	218,1	12,6	157,7	338,2	182,3	408	438,6	274,9	168,9
1975	7	78,4	78,1	119,7	243,2	294,6	556,2	437,3	368,6	222,3
1975	8	15,4	0,9	12,1	115,7	121,6	171,3	116,3	107,1	134,4
1975	9	3,9	10,4	35,9	37	81,1	73,3	245,5	100,4	142
1975	10	0	9,5	13,7	10,5	39,5	17	16,1	7,7	83,2
1975	11	0	45,5	13,4	8,4	14,7	34,2	16,9	9	103,2
1975	12	39,6	177,7	92,1	36,1	34,7	134	146,2	47,3	118,8
1976	1	173,5	109,9	53,5	7,6	15,2	47,2	35,9	28,2	48,2
1976	2	152,9	240,6	382,1	175,2	192,4	255,4	117,6	37,8	174,3
1976	3	381,6	223,4	333,4	262,1	123,5	404,5	307	139,7	120,3
1976	4	438,4	121,3	370,7	138,7	248,7	236,9	267,8	201,4	179,2
1976	5	307,7	23,4	112,6	189,5	244,7	299,7	212,2	118,4	196,3
1976	6	185	5,9	71,6	88,8	142,7	293,8	312,5	106,7	67,5
1976	7	205,1	0	37,3	90,6	330	268,5	154,6	49,4	153,9
1976	8	21,6	1,3	24,3	49,1	79,6	61,1	98,4	61,7	142,4
1976	9	10,6	9,4	4,9	13,8	21,7	31,4	49,4	45,5	54,3
1976	10	3,2	39,4	12,4	40,9	94,7	149,2	282,8	142,6	185,1
1976	11	0	111,8	21	18,9	10,3	48,5	90,7	92,4	93,3
1976	12	91	43,9	10,7	75,1	96,3	129,4	101,3	44,8	15
1977	1	359,1	397,7	225,2	99,8	122,9	74,2	47,8	96,7	153,7
1977	2	240,9	262,6	154,6	30,9	110,2	136,5	240,8	91,8	178,5
1977	3	374	261,7	251,1	171	66,8	182,2	90,2	68,3	64,3
1977	4	470,4	229,2	340,6	139,9	206,7	223,1	221	291,3	233,7
1977	5	226	120,4	195,6	73,5	245,7	297	706,1	477,4	431,6
1977	6	218,1	82,3	499,3	539,9	458,6	412,5	539,3	151,2	274,2
1977	7	78,4	0	217,8	241	299,2	523,8	403,4	209,7	131,2
1977	8	15,4	1,5	36	34,9	71,9	133,5	148,9	93,4	20,3
1977	9	3,9	4,4	6,7	17,1	84	95,3	204,1	89,5	231
1977	10	0	17,4	19,4	11,6	23,4	109,4	206,2	178,3	238,5
1977	11	0	11,3	3,1	11,7	15,2	20,4	8,9	6,5	8,9
1977	12	39,6	129,2	2,7	26,4	18,7	52,5	72,1	108,4	321,7
1978	1	173,5	140	78,3	8,4	27,5	36	6,1	7,6	53,7
1978	2	152,9	156,2	283,5	143,9	123,3	232,7	214,9	276,3	41,2
1978	3	381,6	248,5	199,3	100,6	250,4	283,7	176	174,7	240,3
1978	4	438,4	186,7	238,1	260,8	456,8	446,5	297,6	142,4	261,3
1978	5	307,7	145,1	208,7	118	251,7	260,9	456,3	289,8	357
1978	6	185	4,9	79,2	118,8	241,1	300,7	304,8	100,5	458,3
1978	7	205,1	88,6	225,9	193,3	517,1	505,6	365,4	317,2	240,2
1978	8	21,6	1,7	10	51,3	171,8	210,6	217	152,5	114,5
1978	9	10,6	1,7	33,9	40	134,9	291,3	308,6	42,2	129,1
1978	10	3,2	34,2	22,9	34,6	58,2	46,6	31,7	6,3	143,7
1978	11	0	178,6	5,6	20,6	99,8	60,2	22,1	10,7	78,4
1978	12	91	127,7	53,9	57,8	58,3	69,2	95,4	64,8	163,2
1979	1	284,8	82	70,1	46,4	36,6	79,2	46,8	16,3	126,4
1979	2	208,1	150,6	103,2	68,5	104,8	132,9	135,7	54,2	201,2
1979	3	368,9	158,6	261,4	28,3	100,4	145,3	280	107,4	60,6
1979	4	321,1	86,4	92,6	95,2	202,3	163,9	415,1	363,3	299,1
1979	5	404,2	155,9	264,6	251,2	340,3	313,8	255,5	97,5	125,1
1979	6	84,3	30,1	77,9	113,1	282,3	418,4	278	199	284,1
1979	7	162,5	0	7,4	66,3	171,1	230,1	191,5	108,3	187,3
1979	8	14,7	50,6	52	62,6	218	127,9	54	72	73,6
1979	9	66,2	54	48,2	46,1	202,9	251,4	123,7	97,7	27,6
1979	10	1,3	1,7	4,1	9,1	18	39,9	35,2	17,2	23,2
1979	11	37,1	50,9	11,3	18,9	38,6	65,2	24,2	125,2	109,3
1979	12	9,1	71,1	16,3	12,2	15,5	24,8	2,2	19,4	47,8
1980	1	276,7	145,6	176,7	66,7	75,4	59,8	33,3	70,3	186,1
1980	2	824,7	429,3	442,8	270,4	250,1	369,8	247,2	288,1	364,2
1980	3	379,2	124,3	179	136,2	359,6	354,6	213,3	107	70,2
1980	4	445,6	96,6	56,9	56,6	209,6	152,4	89,6	19,9	79,9
1980	5	219,8	83	44,4	148,6	279	224,4	136	41,2	197,4
1980	6	213,8	3,3	72,6	119	291,2	456,3	357,8	137	146,7
1980	7	87,6	18,9	53,2	175	170,5	140,7	151,1	139,4	128,3
1980	8	8,5	0,1	29,7	75,7	77,3	99,7	103,3	32,2	168,9
1980	9	11,2	25,5	22,7	59,6	66,1	95,2	119,5	46,1	157,3
1980	10	0	4,9	16,4	8,4	117,1	130,4	171,3	79,7	89
1980	11	1,7	85,4	7,2	26,8	39,4	102,8	80,3	34,4	306,8
1980	12	2,1	44,8	8,9	21,4	29	67,2	44,2	19	54,7
1981	1	75,9	316,4	94,7	20,4	45,5	195,5	88,8	23,9	54,8
1981	2	161,5	21,5	110,8	203,6	163,7	134,2	57,8	54,4	94,3
1981	3	350,3	250,5	530,7	183,7	287	153,9	210,4	190,1	197,4
1981	4	265	55,7	140,3	102,8	35,4	108,5	64,4	229,6	246,3
1981	5	372,3	17,9	123,3	99,9	359,1	219,9	185	55,7	203,3
1981	6	82	0	33,4	128,5	166,8	231	134,6	175,2	268
1981	7	71,6	0	0	40,9	171,6	135	150,6	96,9	194,7
1981	8	0,7	0	6,3	12	56,7	107,8	116	78,7	63,3
1981	9	0	0	0,2	14,1	78,3	113,6	41,8	40,9	19,6
1981	10	0	4,8	0,3	11,5	17,5	27,5	14,2	1,8	40,9
1981	11	0	8	7,4	8,3	24,8	45,6	16,4	61,7	46,1
1981	12	139,5	54,4	55,5	92,2	74,1	181,9	156,6	39,2	60,7
1982	1	302	91,7	77	11,6	55,4	211	61,8	61,5	19,6
1982	2	477,1	194,5	113,1	174,3	151,7	151,1	144,2	64,8	149,2
1982	3	356,6	170,8	190,7	105,5	80,1	89,4	61,8	22,8	11,3
1982	4	458,6	338,6	242,2	70	143,2	101,5	476	204,8	424,1
1982	5	146,2	16,8	124,5	228,6	401,3	353,7	501	229,8	333,6
1982	6	119,9	1,8	81,2	142,8	258,1	412,9	192	257,4	345,4
1982	7	12,6	0	60,2	165,4	255,2	306,4	247,4	146,7	152
1982	8	19,7	0	21,8	67,3	274,4	176,5	157	114,9	87,8
1982	9	8,6	0	20,2	35,4	119,2	206,9	166,6	83,8	133,9
1982	10	2,1	19	49,6	56	4,1	18,9	0	95	105,7
1982	11	11,6	34	3,1	46,7	25,9	16,2	0	6,7	17,2
1982	12	1,7	56,4	21,3	21,3	30,6	41,3	6,6	14,2	23,1
1983	1	21,7	61,5	23,7	37,8	57,5	112,2	17,4	6,9	27
1983	2	243	363,2	165,7	54,5	236,7	338,5	141,4	135,9	96,4
1983	3	156,3	316,6	299,3	153,9	145,3	413,2	186,8	41,2	227,2
1983	4	246,9	63,7	138	115,8	91,1	83,1	92,8	105,5	186,1
1983	5	49,1	7,6	79,4	124,4	147,4	183,3	184,2	49,4	63,1
1983	6	76,8	0,6	115,9	74,6	167	141,3	135,2	69,5	324,5
1983	7	2,5	0	48,8	30,4	105,7	226,7	151	139,3	103,5
1983	8	1,4	0,2	20,6	112,2	98,8	161,2	110,6	111,1	186,8
1983	9	0	0	5,7	15,4	43,4	42,7	19,8	11	92
1983	10	2,4	4,8	12,3	23,9	52,1	112,1	97,8	23,9	127,5
1983	11	1,2	61,6	0,5	3,1	3,7	13,1	4	38,1	106,3
1983	12	83,1	54,1	59,4	8,8	7,5	24,5	0	19,6	45,8
1984	1	205,9	202,8	118,5	54,8	115,2	96,1	41,6	27,9	44,5
1984	2	324,1	221,6	213,7	55	64,6	63,1	0	8,9	29,7
1984	3	534,2	282,9	374,1	232,8	116,7	119,9	93,4	145,2	217,3
1984	4	638,8	526,1	343,3	444,7	535,9	620,2	217	364,1	889,8
1984	5	454,5	198,1	445	530	484	521,6	332	179,3	356,3
1984	6	131,8	7,2	249	249	168,1	265,4	186,2	87,4	219,3
1984	7	85,8	2,6	141,6	138,9	346,3	598,3	484	97,1	130,6
1984	8	58	78,3	78,2	162,2	269,7	375,7	299,8	44,8	134
1984	9	17,5	50,3	27,5	69,1	46,8	79,3	111	119,3	206,6
1984	10	28,1	23,7	44,4	48,9	97,9	84,5	60,8	72,6	111,3
1984	11	13,2	41	0,9	14,7	25,1	27,8	4,4	32	37,2
1984	12	58,5	59,8	9,3	19	5,6	10,3	0	3,7	27
1985	1	503,7	447,7	194	144,2	60	67,2	4,8	8,4	119,3
1985	2	689,6	392,7	465,3	326,8	179,1	102,5	250,2	265,9	99,1
1985	3	796,9	363,4	490,6	358,6	653,6	266,4	135,8	121	71
1985	4	849,2	491,7	430,9	176,6	393	385,7	384	395	869
1985	5	407	238,4	307,1	353,7	436,7	436,3	83,2	291	381,1
1985	6	266,3	74,2	235,6	201,8	395,8	352	209,4	293,9	167,4
1985	7	288,8	32,6	150	396,1	671,7	572,8	427,1	232,1	223,4
1985	8	22,6	10,5	23,1	181,3	138,3	136,3	318,9	101,6	157,4
1985	9	11,7	7,8	44,4	127,6	82,6	92	96,6	108,1	66,2
1985	10	0,3	24,5	0,3	1,4	0,7	17,4	2,8	5,2	111,5
1985	11	2,6	84,3	11,5	19,9	18,8	31,8	14	19,6	252
1985	12	204	289	213,6	23,3	27,8	53,1	43,8	12,7	183,2
1986	1	343,4	82,8	143,7	52,5	43,9	47,5	52,3	69,3	93,1
1986	2	328	111,5	324,9	259,1	148,4	212,1	39,4	150,7	30,8
1986	3	732,4	316	566,3	288,3	386,2	521,4	271,5	320,8	274,4
1986	4	749,2	316,9	276,7	642,4	378	444	307,4	184,3	428,5
1986	5	172,4	61,5	186,4	354,2	338,4	574,8	238,5	376,3	249
1986	6	225,3	24,8	276,9	317,1	534,8	584,1	396,2	98,7	197,4
1986	7	155,6	0,8	24	112,5	236,8	472	391,8	165,2	140,4
1986	8	21,4	0,5	24	194,4	318,4	356,1	246,4	88,7	153,8
1986	9	23,2	5,4	31,1	81	204,5	216,9	119,8	140,7	234
1986	10	37,8	67,2	14,3	57,3	49,1	59,4	193	215,5	272,3
1986	11	1,2	18,6	36,2	127,7	130	220,8	142,4	210,4	163,5
1986	12	33,3	112,1	65,8	41,1	36,2	147,7	129,6	50,3	106,2
1987	1	104,5	180,3	52,2	26,4	38,2	50,5	104,8	100,3	21
1987	2	277,8	183,6	134,2	78,9	110,6	196	63,6	91,7	61,9
1987	3	689,2	437,7	363,8	246,8	299,7	475,8	222,6	132,8	130
1987	4	183,5	150,7	204,6	277,7	369,6	323	230,8	234,1	147,2
1987	5	333,4	28,6	40	87,3	131,6	136,6	95,4	108	218,9
1987	6	130,8	37,1	321,4	347,1	383,2	466	246	209	227,5
1987	7	32,5	0,3	69,3	290,7	434,5	421,4	254,4	298,4	238,7
1987	8	53,2	0,8	7,7	37,9	47	130,5	145,7	148,4	111,5
1987	9	0	4,2	12,6	50,8	56,3	81	21,4	63,5	102,3
1987	10	28	61,5	15,5	20,7	33,5	168,9	40,8	0	14,8
1987	11	0	25	1,1	15,5	7	12,2	1	6,4	224,6
1987	12	0,3	57,5	4,1	4,4	1,5	12,4	12,8	10,7	44,7
1988	1	364,5	176,3	250,2	18,9	36,4	65,4	28,7	43,8	169,8
1988	2	529,9	56,3	159	127,8	20,4	81,9	37	51,6	80,6
1988	3	339,2	142,3	562,3	325,7	271,9	156,2	111,4	84,9	330,6
1988	4	423,4	298,3	287,2	263,3	284,2	589,9	214,2	366,3	272
1988	5	406,4	54,6	305,9	375	229,1	211,4	165,8	224,2	185,7
1988	6	190,1	23	265,4	398	297	304,4	298,6	210,6	236,6
1988	7	313,5	3,4	68,4	342,3	380,7	657,3	704,2	305,5	295,8
1988	8	81,5	2	3,6	128,2	170,8	202,7	150,8	75,8	135,3
1988	9	0	11,2	24,3	73,3	41,3	78,2	89,8	74,4	50,6
1988	10	3	37,5	15	3,7	11,9	27,9	35,2	60	77,3
1988	11	3,2	69,6	42,8	20,5	30,4	54	53	109,6	138,2
1988	12	145,7	287	173,1	75,6	46,2	59,5	141	55,3	174,4
1989	1	205,9	85,4	175,8	38,9	22,7	174,8	112,2	42,2	190,3
1989	2	228,5	143,7	58,1	35,1	11,3	36,9	6,4	0,4	28,6
1989	3	280,8	309,5	286,9	75,9	68,2	83,9	161	142,3	153,9
1989	4	562,7	387,1	309,9	341,2	694,3	462,7	522,3	316,1	412,7
1989	5	389,1	177	206,8	138	311,4	418,1	517,9	491,4	662,7
1989	6	322,4	30,7	337,7	233,4	374,4	418,4	321,4	144,6	265,8
1989	7	235,9	30,3	194,9	239,6	306,3	538,7	620,8	248,8	183,3
1989	8	60,7	0,8	69,7	121,9	159,8	323,8	192,6	151,1	192
1989	9	33,3	1	64,8	50,5	51,7	39,7	100,6	101,6	249,3
1989	10	29,3	32,8	31,5	27,4	14,3	66,1	96,8	156,8	125,4
1989	11	90,2	130,1	79	26,1	58,8	85,3	53,2	11,1	149,3
1989	12	335,2	398,3	112,8	104	198,5	201,2	125,2	132,9	446,7
1990	1	109,2	104,2	62,7	42,7	42,8	78,2	47,4	64,5	51,1
1990	2	501,5	129,1	144,8	43	140,6	57,1	3,8	7,5	34
1990	3	198,3	125,3	140,1	63,1	18,9	26,8	16,4	55,4	70,6
1990	4	285,9	134,1	215,4	141,4	399,1	390,4	255	172,2	52
1990	5	146,6	66,9	225,7	95,4	278,7	274,7	153,7	109,7	326,1
1990	6	154,3	40,9	68,3	275,7	329,1	452,6	180,6	115,5	211,7
1990	7	228,4	70,1	95,2	149,9	407,3	543,6	405	188,9	277,5
1990	8	35,1	5,6	15	195,1	408,3	382,8	208,2	110,9	208,7
1990	9	33,4	52,7	36,1	47,2	97,4	115,6	122,6	156,8	134,3
1990	10	1	4,3	22,2	23,1	53,5	89,4	85,9	123,4	396,9
1990	11	3,1	38,5	14,2	54,3	42,5	36,3	31,2	21,5	32,1
1990	12	56,8	82,8	45,9	2,7	12,9	30,3	38,4	62,2	247,9
1991	1	456,8	209,1	73,1	27,1	30,4	60	25,2	24,8	188,4
1991	2	168,9	172,4	130,8	164	137,9	41,8	24,4	33	86,8
1991	3	587,9	327,3	529,1	106,1	116,7	143,9	42,6	95,1	113,8
1991	4	428	157,2	337,5	306,5	281,4	273,3	180,6	104,6	304,4
1991	5	341,4	126,7	185,6	304,9	331,3	542,3	470,4	447,9	294,4
1991	6	244,1	26,4	56	234,6	110,7	213,2	162,6	276,7	315,5
1991	7	94,2	3,9	10,2	143,5	200	356,7	190,4	71,5	100,2
1991	8	19,3	0	7	73,4	137,1	261,5	389,2	115,4	126,2
1991	9	0,3	0	1,4	9,4	32,5	58,9	62,2	35,8	73,9
1991	10	3,4	12,8	58,9	24,4	75,3	168,9	55,1	29,1	30,9
1991	11	0	39,2	6	45,5	18,4	61,2	32,4	12,7	96,6
1991	12	0	16,9	2,3	6,8	4,8	20,1	0	45,7	31
1992	1	307,1	37,4	43,3	52,9	195,4	156,5	16,9	104,9	76,7
1992	2	165,7	162,2	244,7	184,4	108,2	349	246,3	8,6	217,5
1992	3	438,9	334,9	244,9	188,7	252,7	421,8	236,9	270,2	92,7
1992	4	94,4	141,9	251,4	315	186,7	135,4	177,5	140,3	128,5
1992	5	94,2	15,7	84,4	130,8	82,1	141,5	107,9	186,8	107
1992	6	49,3	36,5	140,5	343,4	398,5	481,7	220,3	276,3	197
1992	7	46,6	11,2	21,3	80,5	271,3	267,2	254,8	151,7	196,1
1992	8	0,2	0	20,4	151	70	158,8	119	89,2	102,5
1992	9	0,1	3,5	7,9	31,1	45,7	146,1	264,1	123,1	93,3
1992	10	0,6	0	8	3,2	17	146,1	36,9	11,6	23,8
1992	11	1,1	23,4	5,1	26,2	15,3	75	26,6	39,9	207,7
1992	12	0,2	43,8	2,9	6,4	7,5	15,5	16	66,9	132,7
1993	1	102,7	150,8	48,8	21,6	16,6	49,6	8	1,2	12,7
1993	2	264,1	152,5	84,3	29,4	4,5	96,7	18	5,8	7,7
1993	3	406,7	160,9	213,3	84,8	101,4	63,5	20,7	16,1	12,3
1993	4	189,8	125	174,4	227,8	173	135,3	88,2	29,7	107,9
1993	5	199,6	0	74,7	143,6	81,8	214,7	118,6	106,7	386,8
1993	6	96,4	0	43,8	160,7	257,8	277,9	144	194	180,8
1993	7	102,6	3,3	142,1	129,6	245	183,6	167,3	95,3	117,4
1993	8	12,2	3,6	9,3	24,1	37,8	161,3	75,9	96,5	164,6
1993	9	0	32,2	22,1	0,9	67	49,2	24,2	52,4	72,7
1993	10	0	12,7	9,9	61,9	66,4	40,8	85,2	221,3	110
1993	11	0,6	92,7	4,6	15,5	26,3	28,7	164,3	31,2	48,9
1993	12	262,8	104,4	1,9	40,3	22,4	34,6	11,9	43,2	13,6
1994	1	409,9	406,9	148,6	94,5	129,8	142,8	38,5	37,3	30
1994	2	293,3	287,4	216,6	87	50,5	96,5	73,1	81,4	65,2
1994	3	712,4	365	418,3	242,6	162,9	292,9	98,8	97,3	240,3
1994	4	405,3	179,6	495	275,7	354,9	223	161,4	164	424,9
1994	5	404,1	5,2	291,6	79,7	594,1	572,3	12,2	120,7	197,6
1994	6	235,9	34,7	568,2	36,4	719,9	671,2	398,8	349,6	477,8
1994	7	161,5	0	54,4	399,6	348,5	266,9	281,5	222,8	336,5
1994	8	33,4	25,3	9,2	85,1	105,2	151,8	351,1	110,9	198,5
1994	9	16,2	0	15,7	57,3	79	158,1	401,8	79,8	101
1994	10	0,2	161,4	9,2	4,2	25,5	23,7	38,6	34,4	120,9
1994	11	0	75,7	15,4	20,4	16,4	15,7	45,1	33,5	49,2
1994	12	48	176,6	56,3	118,6	53,9	32,7	35,9	15	44,9
1995	1	51,3	144,4	133,7	24,6	26,6	29	22,5	5	18,9
1995	2	415,4	321,4	177,1	60,7	41,5	124	10,2	55,5	35
1995	3	367,2	195,8	453,6	277,6	118,6	214,5	46,5	42,3	81,8
1995	4	605	569,8	667,9	237,4	247,3	186,2	274,7	174,3	286,2
1995	5	457	288,4	373,2	327,4	311,9	351,3	259	115,5	473,5
1995	6	312,3	35,5	189,2	254,4	334,9	525,2	317,9	204,2	245,3
1995	7	142,9	28,4	86,1	297,1	482,7	319,6	368	187	178
1995	8	6,5	0	1,7	34,8	24,1	24,8	92,8	47,4	78,3
1995	9	0	0	0,7	21,6	14,2	24,4	44,9	57,9	67,3
1995	10	2,9	12,7	13,7	4,2	10,8	27,4	17,1	1,6	16,5
1995	11	81,4	53,9	31,3	41,3	62,9	53,8	62,1	153,2	156,4
1995	12	28,2	120,3	26,8	0,4	3,3	6,5	5	2	41,9
1996	1	252,1	172,5	115,1	36,7	102,8	159,4	56,3	27	55,9
1996	2	174,5	204,3	252,1	69,7	50,6	154,2	23,8	14,4	101,9
1996	3	548,5	497,9	465,6	216,2	294,3	159,7	98,1	46,7	59,9
1996	4	592,4	327,2	402,5	359,5	368,3	462,7	438,6	455	757,8
1996	5	521,7	97,7	302	154,5	317,8	232	156,4	317,4	187,5
1996	6	90,4	1,3	33,5	198,9	310,8	236,5	178,9	176,7	178,5
1996	7	127,7	19,3	21,4	145,8	217,6	380,4	283,3	118,2	202,4
1996	8	88,1	16,4	32,7	125,2	209,9	254	250,2	197,5	124
1996	9	14,4	0,3	11,9	86,4	117,1	191	68,3	69,6	206,4
1996	10	0,8	89,4	22,8	78,6	80,3	32,3	79,7	26,3	111,1
1996	11	2,6	37,7	9,9	45	28,8	63,7	114,6	81,4	228,6
1996	12	6,1	22,6	12,6	17,2	46,8	38,3	39,3	32,7	73,8
1997	1	107,1	109,2	33,1	12,3	21,8	30,2	66,5	60,7	38,3
1997	2	113,8	104,7	94,9	78,2	195,8	163,9	139,1	107	225,6
1997	3	403,2	421,6	167,9	160,1	288	221,4	116,9	84,5	277,6
1997	4	422	181,3	424,5	255,7	303,1	360,7	349,8	117,4	346,9
1997	5	267,4	106,4	191,4	230	316,6	466,3	261,2	304,1	165,4
1997	6	16,1	0	16	77,2	98,8	201,2	168,7	232	168,7
1997	7	20,7	0	33,9	78,7	187,4	205,4	309,4	150,6	183,1
1997	8	0	0	18	122,4	122,1	130	128,6	61,5	52
1997	9	0	0	0,1	5,3	9,4	20,5	2,3	4,2	30
1997	10	0,3	23,1	6,3	3	7,2	15,5	39,7	4,4	130,1
1997	11	41,4	3	20,1	2,7	8,9	42,6	12,7	13,2	26,8
1997	12	29,6	43,8	47	55,8	88	85,2	29,6	9,1	24,9
1998	1	306,7	281,1	176,3	37,6	105,8	66,6	71,3	23,6	63,6
1998	2	58,8	117	55,6	75,9	16,6	40,9	17,6	21,4	55,6
1998	3	366,1	210,5	385,1	69,2	45	73,7	23,8	75,5	117,2
1998	4	246,6	81,8	182,3	41,4	33,3	114	101,3	53,2	206
1998	5	144,4	10,4	74,2	198,4	199,8	187,9	241	215,1	250,9
1998	6	128,2	12,4	7,2	210	150,5	150,6	162,2	377,9	358,3
1998	7	152,4	1,1	33,1	789	254,3	168,5	193,1	189,5	306,5
1998	8	2,7	0	28,3	138,5	284,7	278,3	181,5	120,4	155,4
1998	9	0	0	5,2	19	31,8	52,3	44,4	53,8	63,9
1998	10	0	2,8	9,1	13,7	27,8	54,9	36,6	6,4	111,8
1998	11	0,3	166,4	2,4	8,5	18,5	15,8	0,7	1,2	65,3
1998	12	53,6	162,9	17,7	17	8,2	16	16,3	17,9	34,5
1999	1	135,7	200,8	59,3	12,6	16,7	44,7	21,3	14,8	99,3
1999	2	375	169,3	166	143,8	84	19,3	42,2	42,7	102,9
1999	3	660,8	375,1	237,4	139,2	116,9	196,9	49,4	19,1	313,9
1999	4	474,4	176,6	328,3	175,8	46,4	99	44,9	112,5	376,6
1999	5	241,9	168,6	361,2	279,3	247,1	306,3	216,6	408,4	376,9
1999	6	171	0	43,2	131,5	112,2	125,4	208,9	182,8	185
1999	7	131	1	10,4	31,1	142,5	260,3	232,6	133,5	225
1999	8	44,1	6,6	5,5	47	87,5	140,9	137,7	122,6	323,5
1999	9	0,1	37,7	49,9	51,1	61	72,6	89,2	75,7	141,2
1999	10	1,1	16,2	8,6	14,5	64,6	90,3	160,1	184	163,9
1999	11	0	42,6	9,5	4,8	3,7	18,9	21,6	180,9	275,5
1999	12	131,1	114,4	45,1	64,7	38,8	104,9	33	41,8	94,2
2000	1	267,1	183,2	246,9	50	96,4	275,4	55,2	63,2	29,5
2000	2	392,1	306,8	161	83,9	153,9	87,9	89,4	276,7	85,5
2000	3	606	329,8	323,9	114,9	109	174	91,5	75,7	191,9
2000	4	609,6	298,4	507,1	177,4	216,5	435,4	322,7	385,3	365,4
2000	5	422,2	61,9	203,4	230	333,9	264,4	168,2	84,2	241,3
2000	6	146,1	6,7	83,3	577,4	557,7	634,9	202,6	201,5	310,4
2000	7	202,1	43,7	114,1	382,3	444,4	675	357,2	97,9	201,1
2000	8	63,9	75,8	150,5	288,8	167,5	444,1	259,6	98,2	136,3
2000	9	12,6	41,5	147,4	205,3	228,9	366,1	303,9	98,2	161,6
2000	10	0	38,3	3,4	8,7	15,9	55,7	57,9	5,6	15,9
2000	11	0,2	57,5	13,3	12,1	45,8	45,1	9	67,6	74,3
2000	12	43,3	84,1	5,6	23	81,2	176	46,9	83,8	88
2001	1	336,4	268,9	148,5	30,1	25,3	58,7	20,6	24,6	95,2
2001	2	445,4	146,4	74,8	6,8	7,1	56,5	18,6	71,2	28,6
2001	3	362,9	248	250,3	133,8	197	26,1	63,2	71,7	264,1
2001	4	589,9	310,7	758,5	360,9	267,2	327,7	109	170,3	103,5
2001	5	201,8	15,2	126,6	14,4	47,7	59,5	31,6	48,3	126,5
2001	6	328,8	66,2	217,8	373,6	255,2	432,4	301,4	325,1	195,8
2001	7	150,2	2,5	58,7	145,2	184,9	355,5	320,5	229,2	220,3
2001	8	0,5	14,6	0	64	47,9	191,9	119,6	163,3	149,7
2001	9	7,2	6,1	4,7	28,4	44	106,3	38	91,2	190,8
2001	10	0	0,3	6,3	13,7	25	103,6	145,7	117,8	202,3
2001	11	6,1	97,3	20,3	17,1	16,1	32,1	47,7	56	30,3
2001	12	44	56	59	51,3	50	108,3	38,8	56,1	112,1
2002	1	419,9	303,8	288	114	179,4	225,6	362,9	169,2	252,4
2002	2	83,4	82,8	88,8	80,6	133,3	200,5	77,2	52,4	102,8
2002	3	314,1	237,7	343,8	484,1	251	409,8	197,4	57,3	102,1
2002	4	489,3	109	529,2	137,7	196,5	140,2	127,5	46	69,3
2002	5	295,4	18,6	196,4	122,9	265,5	303,2	360,9	279,1	351,6
2002	6	237	21,4	191,4	405,6	470,8	583,5	359,6	201,8	209,2
2002	7	42,3	7,6	119,8	225,2	262,6	281,6	109,9	95,4	254,8
2002	8	4,6	4	13,8	312,9	140,1	121	170,4	59,5	162,8
2002	9	0	47,1	5,3	1	13,4	42,5	44,8	34,6	258,8
2002	10	0	3,8	40,7	29,1	43,1	49	33,1	12,5	16
2002	11	0,1	20,6	20	97,5	35,9	87,3	91,9	22,8	25,2
2002	12	47,4	126,3	5,4	19,4	10	33,1	3	4,2	22,7
2003	1	358,1	105	140,6	83,7	51,3	53,3	37,2	10,7	26,7
2003	2	491,1	314,8	255,3	184	252,9	149,2	78,2	78,5	97,3
2003	3	570,2	156,7	547,9	317,8	275	397,9	135,7	49,5	206,3
2003	4	418,8	183	498,8	133,4	206,7	116,1	124,7	46,8	186,8
2003	5	207,7	102,9	332,4	230,8	212,6	225,9	179,4	241,5	550,5
2003	6	148	16,8	197,5	229,8	626,2	474	238,3	169,5	237,5
2003	7	64,6	0,4	16,3	201,6	96,3	282,2	229,1	171,7	186,5
2003	8	34,4	16,6	12,5	49,6	173	195	144,5	90,1	136,7
2003	9	5,9	9,6	9,2	38,7	97,2	135,8	139,3	57,1	168,7
2003	10	0,2	0,5	4,4	21,7	36,3	52,2	75,9	149,4	72,2
2003	11	4,7	75,9	19,1	16,1	15,4	26,8	72,2	130	132,8
2003	12	55,8	30,9	40,1	22,5	65,5	51,5	18,9	39,2	14,9
2004	1	445,7	350,9	446,7	383,9	303,2	249,9	222,8	238,5	319,4
2004	2	484,4	345,3	356,1	283,1	128,2	226	152	42,7	165,3
2004	3	387,6	315	515,8	252	158,8	168,8	166,6	48,3	121,9
2004	4	452,9	222,4	106,6	168,8	136,9	377,5	129,5	70,8	278,4
2004	5	183,5	84,7	64,2	160,7	302	327,3	157,4	202,3	159,5
2004	6	213,1	26,8	263,4	640,2	483,2	538,9	716,4	113,6	326,3
2004	7	233	18,3	109	393,5	475,8	359,8	318,4	174,8	218,4
2004	8	83,9	5,4	11,3	90,1	162,5	138,9	204,5	173,4	129,5
2004	9	1,5	15	24,6	44,4	37,5	81,1	163,3	58	40,5
2004	10	0	25,5	2,4	14,4	27,4	33,6	32,9	5,7	82
2004	11	3,2	58,9	1,5	10,1	9,1	18,2	18,9	14,4	167,6
2004	12	6,6	60,9	26,3	4,8	5,1	14,2	5,1	0	10,9
2005	1	33,1	284,5	9,5	2	37,4	14,3	5,9	52,6	42,9
2005	2	230,8	236	109,3	36,4	56,6	80,4	50,8	51,8	349,4
2005	3	351,2	300,4	193,8	186,3	107,5	75,9	56,4	57,6	349,4
2005	4	371,4	161,9	205,8	144	152,7	229,3	126,2	172,1	415
2005	5	219,6	112,6	365,8	547,3	545,5	502,8	394	182,3	198,2
2005	6	256,2	0,2	161,9	756,3	573,3	708,8	346,6	101,3	421,1
2005	7	166,4	4,9	49,4	115,2	156,9	183	162	210	204,1
2005	8	12,8	2,1	15,1	134,6	215,8	291,1	211,9	143,8	117,1
2005	9	0	1,4	1,7	43,9	63,6	44,9	44	27,5	50,6
2005	10	0,2	5,2	0,4	31,6	25,3	59,4	32,4	22,1	32,9
2005	11	4	8	0,8	1,2	4,1	8,2	12,1	3,8	72,8
2005	12	158,1	134,3	24,6	10,4	25,6	174,2	91,5	56	75,5
2006	1	189,9	107,1	42,8	4,2	7,2	12,3	57,8	26,2	40,1
2006	2	277,5	272,8	105,5	87,2	14,6	32,4	10,6	29	7,1
2006	3	374,6	203,3	207,7	157,4	85,3	156,8	114,2	28,9	35
2006	4	536,9	384,6	574,5	377,3	197,5	322,8	157,1	174	587,4
2006	5	536,1	253,3	506,4	115,3	187,9	338,1	590,1	345,3	396,7
2006	6	261,9	11,1	178,7	373,2	271,2	431,4	349,4	218,6	401,4
2006	7	63,2	7,9	41,6	133,4	139,2	222,5	234,4	194,2	91,7
2006	8	67	2,3	15,9	90,6	119	185,8	119	59,8	122,7
2006	9	2,3	2,4	11,7	45,2	63,3	79	135,5	111,8	126,9
2006	10	0	43,4	6,1	13,4	9,7	8,5	66,6	214,7	258,9
2006	11	9,3	44,2	7,4	83,5	42	84,7	38,4	34,4	220
2006	12	40,5	46,5	7,6	49,9	41,8	106,4	15,6	6,3	30,3
2007	1	16,3	68,8	37,3	86,3	33,8	83,5	97,5	21,3	20
2007	2	545,1	530,2	329	66	166,6	226,7	125,7	142,5	282,6
2007	3	457,4	345,7	340,5	265	187,1	138,7	219,8	126,1	86,8
2007	4	348,6	235,4	359,4	247,7	234,3	347,3	271,7	149,5	143,2
2007	5	286,1	62,4	179,5	120,9	240,6	208,2	233,2	191	211,2
2007	6	61,4	0,9	67,9	560,5	573,7	390,8	202,7	156,3	134
2007	7	136,3	2,2	56,7	191,8	143,8	331	238,9	184	130,4
2007	8	0,2	1,6	0,8	95,8	273,5	223,7	243	79,8	109
2007	9	2,2	0	2,9	46,3	73	127,1	106,9	63,3	85,8
2007	10	1	33,2	0,9	20,2	30,9	25,6	57,1	31,6	78,9
2007	11	2,4	31	3,9	45,2	34	40	0	13,2	19,1
2007	12	42	101,6	76,2	16	12,6	30,6	98,6	18,6	18,8
2008	1	124,4	295,2	278,4	69,2	80,6	85,7	79,7	27,9	17,8
2008	2	413,5	220,5	62,7	22,4	8,8	32,3	56	133,2	183,8
2008	3	584,5	297,2	316,4	275,5	299,3	395,4	259	272,5	149,3
2008	4	607	506,8	483,2	409,3	313,5	314,2	190,1	131,5	154,3
2008	5	314,2	166,4	288,6	212,3	335,9	415,7	603,6	366	203,6
2008	6	380	6,5	94,7	542,3	397,4	391,8	289	113,4	178,2
2008	7	104,9	0	10,5	473,3	294,1	374,3	468,3	144,1	149,1
2008	8	51,4	1,6	54,9	401,3	326,4	294,4	232,6	83,8	58,7
2008	9	0,4	14,4	0	37,8	86,8	47,6	5,8	39,4	37,8
2008	10	0,4	8,5	2	31,8	44,9	53,6	64,3	32,7	31,7
2008	11	0,6	14,6	2,9	9,5	6,6	16	13,2	4	78,4
2008	12	18,5	192	8	0,4	60,2	18,3	20,7	43,6	103,5
2009	1	375,8	210,6	162	162,1	57,7	85,2	35	18,4	30,3
2009	2	367,2	197,6	307	245,4	260,1	376,1	222,1	44,2	122,1
2009	3	565,4	355,1	479,5	220,6	138,8	142,8	205,8	41,3	25,6
2009	4	767,1	546,5	561	364,3	547,4	351,8	188,2	156,1	506,6
2009	5	556,3	401,4	305,8	372,3	521,2	410,1	786,8	515,8	549,3
2009	6	207,6	20,7	252,6	304,7	303,9	333	432,7	103,4	155,1
2009	7	71,8	46,9	208,8	347,9	419,8	386,8	275,7	121,8	158,9
2009	8	12,3	2,8	41,3	229,2	114,1	290,4	289,4	168,8	93,8
2009	9	0	0	3,4	76,7	77,1	83,3	90	78,8	56,1
2009	10	0	13	7,5	1	19,3	16,3	15,4	28,5	162,4
2009	11	2,6	6,4	7	6,7	45,8	49,9	18	13,8	48,1
2009	12	12,5	180,6	23,6	9,5	25,5	47,8	31,2	17,2	7,8
2010	1	107,8	161	70,9	70,9	110,9	193,4	186,8	26,9	78,5
2010	2	121,5	95,9	76,2	81,4	76,9	45,2	145,4	77,1	19,2
2010	3	315,8	252,4	234,7	107,4	180,2	314,3	131,4	31,9	122,8
2010	4	393,7	254,5	310	191	165,9	273,3	139,8	359	448,8
2010	5	376,9	115,2	176,7	262,6	111,7	114,3	132,4	125,8	243,8
2010	6	218,3	74,7	90,1	155,2	256,3	543,9	527,6	265,1	96,7
2010	7	105,2	1,8	54,2	151,4	222,4	267,6	218,4	147,3	492,5
2010	8	7	0	3,1	95,3	189	191,2	149	91,1	176,3
2010	9	0,4	2	0	38,5	92,4	72,7	118	76,6	55,8
