Ano	Mes	SLuis	teresina	fortaleza	natal	JPessoa	recife	maceio	aracaju	salvador
1961	1	93	72	75,1	76,1	83,4	82,7	78	74,4	85,5
1961	2	93,4	83	82,2	85,2	92,3	86	76	71	80,6
1961	3	94,7	82	81,3	78,8	86,4	82,4	81	78,1	81,8
1961	4	93,6	83	80,2	80,6	88,7	85,4	80	77,7	87
1961	5	92,7	79	75,2	78,3	89,4	85,3	83	75,5	90,6
1961	6	89	70	72,2	77,4	87,4	84,9	84	78,6	89,4
1961	7	72,8	61	70,8	78,9	83,9	84,8	80	77	89,1
1961	8	62,1	53	68,9	75	81,8	84,2	76	73,5	85,7
1961	9	62,2	51	70,2	74,5	79,3	78,5	73	71,8	84
1961	10	63	46	68,8	74,1	79,4	79,1	77	72,9	85,6
1961	11	78,4	54	70,1	70,9	73,6	71,5	73	71,3	85,3
1961	12	87,6	70	71,9	71,6	74,2	72,9	73	73,1	86,6
1962	1	91,3	76	71,1	70,6	80,7	71,2	72	73,9	85
1962	2	92,3	80	74	72	81,1	71,5	74	73	80
1962	3	91,5	83	76,1	75,2	80,7	77,7	76	75,6	81,3
1962	4	90,9	83	78,3	75,6	81,1	81,6	81	75,4	83,9
1962	5	89,9	76	73,3	77,1	82,6	84,1	83	81,8	86,2
1962	6	82,3	68	72,5	78,6	87,2	85,3	85	79,9	86,8
1962	7	71,1	60	69,8	77,7	86,8	85,2	80	77,4	85,8
1962	8	60,5	50	68,4	74,8	84,5	81,1	75	73,9	83,1
1962	9	60,4	47	71,9	72,6	79,6	80,4	75	73,5	81,5
1962	10	60,9	47	69,4	69,1	77,6	75,5	72	74,4	82,6
1962	11	70,2	62	70,5	70,5	76,2	74,5	72	80,2	83,2
1962	12	82,8	74	72,3	72,4	74,8	75,4	74	88,6	81,1
1963	1	88,5	79	77	70,4	74,8	74	72	73,5	81,7
1963	2	90,3	84	78,1	73,9	77,9	75,1	73	71,8	83
1963	3	91,3	85	82,6	77,9	83,8	82,9	78	74,3	84
1963	4	91,7	84	80	76,8	85,4	84,8	79	87,8	85,7
1963	5	89,9	78	73,7	71,8	84,3	83	77	93,9	89,7
1963	6	79,5	69	72,6	76,6	87,1	86,2	81	86,4	84,6
1963	7	68,2	62	71,4	74,9	85,4	83,4	75	73	85,9
1963	8	59,9	55	70,5	73,9	82,5	84	76	74,6	76
1963	9	59,2	51	72,3	71,5	77,9	79,2	77	74	77
1963	10	57,7	50	70,9	70,5	78,4	74,8	74	73	77,3
1963	11	70,5	70	72,6	72,6	77,2	76,4	75	76,6	81,2
1963	12	84,1	78	77,8	74,4	75,2	81,3	79	78,7	83,1
1964	1	91,3	84	81,3	77,2	77,5	82,4	80	77,7	86,5
1964	2	92,7	83	86	77,7	79,7	83,6	79	78,6	85,1
1964	3	91,3	85	81,6	75,5	87,4	83,9	81	77,8	82,4
1964	4	91,4	85	84,2	79,7	76,5	83,6	83	82,3	83,8
1964	5	90,6	82	79,7	80,3	75,3	85,3	85	82,2	85,9
1964	6	87,4	75	75,8	79,5	75,1	88,7	83	79,2	82,8
1964	7	78,5	67	75,6	79,8	77	86,9	80	77,5	83,8
1964	8	68,4	59	71,1	75,2	75,4	82,5	78	75,5	80,7
1964	9	61,4	56	75,6	75,4	74,2	82,9	78	79,5	75,8
1964	10	58,2	55	72,2	68,6	73,8	71,8	72	73,9	79,7
1964	11	62,7	56	70,4	69,6	74,6	70,6	72	75	81,9
1964	12	79,3	60	71	70,2	71,6	70,7	72	73,9	80,4
1965	1	87,4	73	74,7	72	83,6	76	76	75,1	78,7
1965	2	89,7	77	72,4	70,7	79,5	73,7	76	75,1	77,5
1965	3	91	82	78,2	73,8	79,2	77,8	74	74,1	77,3
1965	4	91,5	86	86,8	80,6	78,9	83,1	81	76,5	85,6
1965	5	92,5	79	83,3	78	89,9	84,5	78	72,4	81,2
1965	6	91	76	80,9	80,8	88,3	86,2	78	77,1	82,2
1965	7	76,3	65	77,1	77,6	89,8	80,8	79	74,6	80,2
1965	8	66,9	59	76,4	76,1	81,8	80,9	76	74,6	81,2
1965	9	61	53	73,2	75,9	79	79,3	75	74,2	77,7
1965	10	62,6	59	72,7	75	75,6	78,2	77	77,5	82,6
1965	11	70,9	56	75,2	73	76,6	73,5	75	77,2	81,2
1965	12	72,1	56	78,7	73,5	74,2	75,2	74	74,3	80,5
1966	1	89,9	67	80,6	73,6	78,7	77,1	75	73,7	79,8
1966	2	91,2	82	81,6	74,4	79,8	82,2	81	77,3	83,8
1966	3	92,5	81	83,2	71,1	75,5	79,8	77	75	81,8
1966	4	91,4	81	86,2	73,7	77,8	88,8	81	81,2	82,9
1966	5	91,1	79	87,5	75,1	79,4	81,4	82	79,7	84,6
1966	6	85,2	73	84,4	79	90,3	84,3	81	76,9	82,9
1966	7	78,3	60	84,1	82,9	91,9	86,3	80	76,2	81,4
1966	8	67,2	54	77	73,7	80,2	78,6	74	83,7	78,6
1966	9	63,7	53	77,5	74,9	81,7	80,3	81	81,9	80,3
1966	10	61,2	51	78,6	71,2	75,3	75,1	72	83,7	81,7
1966	11	83,7	60	77,3	73	75,4	74,9	76	85,5	84,6
1966	12	90,9	70	73,3	73,5	73,6	75,6	75	83,1	83,6
1967	1	92	78	72,2	72	71,5	70,8	73	81,3	75,2
1967	2	92,2	84	83,7	74,9	74	72,7	75	83,1	79,6
1967	3	92,1	86	88,5	78,6	78,9	81,6	78	83	81,3
1967	4	92,5	84	87,9	78,5	80,7	85,3	83	85,3	84,3
1967	5	91	81	85,9	84,1	81	86,3	84	88,2	84
1967	6	87,8	69	83,5	88,3	82,8	83	75	93,3	79,8
1967	7	72,1	63	81,1	82,9	79,9	84,8	77	77,2	79
1967	8	64,8	57	75	85,5	80,8	81	76	78,5	78,7
1967	9	63,2	55	73,1	86,3	75,1	75,9	76	79,5	80,6
1967	10	66,7	51	71,7	81,8	74,6	76,3	75	79,3	78,1
1967	11	74	58	71,4	82,3	71,3	70,2	71	81,2	80,6
1967	12	78,7	64	73,5	85,8	72,3	71,4	75	84,4	81,2
1968	1	89,4	75	76	81,8	80,6	74,5	76	82,7	80,2
1968	2	92,6	81	80	78,1	74,6	80,9	74	75,2	83,6
1968	3	92,6	93,7	87,9	81,7	73,9	83,5	79	77,2	84,2
1968	4	92,3	93,4	87,7	80,9	74,2	84,9	78	76,4	81,6
1968	5	92	90,8	87,9	83,8	76,9	87,2	88	85	85,3
1968	6	86,2	70,9	77,9	80,5	81,4	87,1	79	78,5	85,2
1968	7	72,1	56	78	83,5	82,6	85,8	80	80,3	82,3
1968	8	63,8	46,7	73,7	77,9	82,2	82,8	79	78	82,2
1968	9	64,9	45,9	69,3	74,3	83,8	80	74	75,8	80,6
1968	10	66,6	50,7	70,3	76,8	83,4	75,1	72	87,3	86,3
1968	11	83,1	71,4	74,1	84	77,3	73,1	74	94,1	88,9
1968	12	91,4	85,3	77,1	78	70,5	73	73	86,9	85,9
1969	1	91,8	90,3	79,4	79,9	71,9	78,1	76	82,3	82,9
1969	2	91,5	92,2	81,6	81	70,4	75,9	78	75,7	84,7
1969	3	92,5	92,9	87	77,8	72,3	81,6	80	85,2	84,2
1969	4	91,6	92	88,6	82,6	74	83,3	82	86	83,8
1969	5	92,4	86,1	86,3	85,3	74,3	88,5	83	89,9	87,3
1969	6	87,8	74,5	84,3	85,3	75,8	87,5	83	87,2	83,6
1969	7	74,5	58,6	82,4	85,3	85,2	86,7	85	88	78,3
1969	8	65,4	51,8	76,2	82,1	81,3	82,1	76	86,5	80,2
1969	9	60	44,6	72,1	77,2	81,1	76,4	75	87	77,6
1969	10	63,2	47,8	72,3	74,6	73,2	74,7	75	88	78,6
1969	11	67,1	54,4	71,3	73,8	70,8	72,7	70	85,1	76,6
1969	12	71,2	59,5	72,1	73,8	70,8	72,9	70	88,8	82,6
1970	1	83,3	76,4	76,3	73,3	73,3	76,7	73	82,2	83,4
1970	2	91,4	88,2	75,7	70,2	74,8	76,1	72	79,1	80,1
1970	3	91,1	90,7	84,2	78,6	84,5	83,4	78	76,5	78,1
1970	4	91,2	91,7	85,5	81,6	89,1	86	78	74,7	80,9
1970	5	89,8	80,9	80,3	79,7	91,9	85,1	87,9	76,8	80,4
1970	6	86,5	70,7	80,2	82,7	84,7	86,1	89,3	80,4	81,8
1970	7	69,9	55,3	75,8	80,7	94,4	84,7	89,5	78,9	82,3
1970	8	60,5	47,6	74,7	81,2	96,3	84	88,8	80	81,3
1970	9	82,4	46	74,5	77,1	84,9	79,1	87,5	79,5	77,6
1970	10	80	47,8	76,6	75	72,7	75,7	80,4	80,9	81,2
1970	11	68	61,2	76,2	74,6	72,7	73,6	77,4	83,5	81,8
1970	12	78,7	62,7	76,6	73,1	72,5	72,5	80,7	79,7	78,7
1971	1	86,9	86,7	78,5	78,5	78,8	74,1	83,3	75,6	79,2
1971	2	89,9	92,2	76,8	79,6	83,4	74,5	81,3	75,6	74,8
1971	3	91,6	91,9	81,5	83,4	88,1	78,4	83,1	77,3	78,9
1971	4	92,5	92,6	82,9	83,2	89,8	85,1	85,6	76	81
1971	5	92,2	90,8	83,3	86,3	93,1	87,9	89,6	79	84,9
1971	6	89,5	80,7	80,3	85,6	92,7	86,4	89,4	83,1	84,7
1971	7	84,1	68,6	80,7	86,6	93,8	85	90,9	78	79
1971	8	65,7	51,8	79,2	86,2	91,3	80,7	89,9	77,1	78,8
1971	9	62,5	47,5	77,3	81,6	86,9	78,8	87,9	78,9	79,9
1971	10	68,2	54,5	79,1	80	82,9	78,1	85,1	77,8	82
1971	11	77	66,8	79,9	79,3	77	77	81,5	76,8	83
1971	12	69,1	61,7	81,1	78,3	75,3	73,5	79,2	75,9	81,4
1972	1	84,9	79	75,4	76,6	79,6	71,6	83	77,4	79,5
1972	2	90,3	91,9	79,3	80,2	81,7	75,3	80,4	77	81,7
1972	3	91,1	91,6	84	84,9	89,3	80,9	84,2	79,4	82,2
1972	4	91,3	91,9	82	84,5	90	82,9	86,3	81	84,1
1972	5	89,9	88,7	82,1	84,8	92,6	87,8	90	82,5	85,3
1972	6	87,7	74,1	81,1	86	92,8	86,9	90,7	81,5	81
1972	7	77,4	59,8	80,8	86,7	92,6	84,3	89,4	82,4	78,6
1972	8	69,9	54,2	80,1	84	88,6	81,5	88,8	76,6	80,5
1972	9	62,9	47,6	79	83,7	87,8	77,2	88,2	77	79,1
1972	10	60,8	48,5	78,9	81	81,9	75,2	82,9	76,8	82,1
1972	11	67,3	57,5	83,5	84,5	84,4	72,5	82,8	80,2	81,8
1972	12	82,7	72,9	81,6	82,5	83	74,4	83	78,6	82,5
1973	1	90,7	86,1	80,4	83,8	75,9	75,7	85,6	78,2	80,1
1973	2	92,3	93,1	84,7	83,2	75,5	75,1	83,7	74,6	79,6
1973	3	94	91,8	90,2	83,5	77,1	79,1	84,1	75,5	79,9
1973	4	93,2	91,9	90,7	83,8	90,4	85,5	87,1	79,8	84,6
1973	5	92,3	89,5	86,9	82,9	89,9	85,7	87,1	80,4	84,3
1973	6	90,9	85,2	86,5	84,3	86,2	87,6	89,2	82,9	82
1973	7	90,5	73,1	84,5	86,2	82,3	84,9	90,4	81,9	81,6
1973	8	89,1	58	78,8	84	78	79	87,7	78,2	80,6
1973	9	76,1	53	77,2	82,9	80,1	82,3	85,9	78,1	79,7
1973	10	76,6	65,8	73,1	79,7	75,4	76,5	82,1	77,9	81,6
1973	11	86,7	69,3	72,6	78,5	71,7	71,9	78,9	77,7	80,5
1973	12	86,6	89,3	72,3	80,3	71,6	72,8	82,9	78,1	81,7
1974	1	89,8	92,9	81,1	80,9	75,6	75,9	81,9	73,2	81,3
1974	2	90,1	93,3	86,5	83,2	78,3	78,2	86,1	76,5	86,2
1974	3	91,6	94,2	89,2	85,1	79,3	84,2	85,8	77	81,4
1974	4	91,9	94,2	89,8	85	78,6	86,3	86,6	78,1	82,1
1974	5	91,8	93,9	89,9	85,2	77,8	85,6	87,7	79,2	82,7
1974	6	84,6	83,2	83,9	86,4	77,6	85,2	89	73,8	76,9
1974	7	86,1	67,1	78	87,3	84,1	83,2	83	74,1	77,3
1974	8	84,7	55,4	76,7	84,2	80,2	80,2	81	73,5	77,8
1974	9	82,4	67,8	76,5	84	80,5	78,8	79	76,4	80
1974	10	79,1	66	75,5	78,6	74,4	74,4	76	79,2	79,8
1974	11	78,2	74,7	72,1	77,5	73	72,7	77	78,4	81
1974	12	83,6	88,3	80,3	80,8	80,7	75,9	77	76,2	77,8
1975	1	85,2	88,2	82,2	79,6	74,8	74,1	79	77,9	79,2
1975	2	90,2	91,5	83,7	82,3	72,3	72,9	76	76,1	79,1
1975	3	89,4	91,3	88,1	82,1	88,5	79,4	80	75,6	75,7
1975	4	90,8	92,9	86,7	83,1	74	77,6	81	79,8	80,7
1975	5	89,9	90,7	89,7	85,1	91,4	86	87	82,3	82,2
1975	6	86,1	80,3	84,2	84,9	91,9	87,6	87	80,8	82,6
1975	7	84,2	71,9	83,4	85,6	85,8	87,2	85	78,4	78,7
1975	8	83	55,9	79,6	82,5	78,7	82,7	82	78,6	77,6
1975	9	81,2	50	74,5	81,6	77,9	81	80	79,4	79,7
1975	10	78,9	67	75,2	79,9	73,2	75,2	78	80,9	83
1975	11	77,7	73,5	74,3	81,2	75	73,4	75	78,1	78,7
1975	12	81,6	89,4	81,7	83,4	85	77,5	80	79,2	84
1976	1	85	91,1	77,8	83,8	74	73,7	75	75,5	80,4
1976	2	89,3	93,3	85,9	85,6	76,9	79,4	79	80,2	81,6
1976	3	88,6	93,1	86,5	86,7	81,2	84,1	83	79,4	80,9
1976	4	88,3	85	87,5	86,5	79,9	83,7	85	79,5	82,7
1976	5	86,7	84	85,5	86,1	80,6	84	86	82,6	85,5
1976	6	83,4	77	85,8	87,2	81,7	82,3	83	78,5	82,4
1976	7	83,9	68	82,9	88	81,9	82,2	82	81,9	86,3
1976	8	79,9	62	82,1	82,9	77,2	77,7	80	77,8	77,9
1976	9	78,2	59	84	79,4	76,2	77,6	80	74,5	83,8
1976	10	78,1	67	86,2	79,2	74,8	78,3	83	76	85,3
1976	11	76,3	69	78,7	80,9	72,5	74,9	80	74,9	84,2
1976	12	77,2	63	75,6	85	74,5	77	79	79,6	84,1
1977	1	85,8	84	85,2	84,8	77,4	77,5	79	76,3	82,2
1977	2	88,1	87	86,6	86,3	74,7	78,3	80	77,8	82,1
1977	3	88,1	86	88,1	85,4	73,1	77,5	81	74,6	80,3
1977	4	89,3	87	88,9	85,1	78,9	83,9	85	76,2	81,1
1977	5	88,7	85	89,5	84,8	82,8	86,1	88	77,8	81,2
1977	6	85,3	82	91	86,3	87,6	87,7	88	76	80,2
1977	7	83,2	73	83,2	87	84,1	85,8	85	76,7	82,3
1977	8	82,1	65	77,3	82	77,4	80,4	83	77,4	78,8
1977	9	78,9	59	76,9	82,6	75,4	77,9	82	78,6	77,9
1977	10	77,4	59	75,9	80,6	72,8	76,3	83	75,9	77,1
1977	11	76,9	55	75,5	81,2	74,3	74	77	78,4	80,3
1977	12	79,2	68	77,2	80,3	73,4	72,6	80	76,7	78,1
1978	1	85	81	81,4	80,3	72,4	72,1	75	79	81,9
1978	2	83,6	82	81,5	82,1	76,7	79,9	81	82,5	83,5
1978	3	89,9	86	84,3	83,7	78,7	82,1	84	77,7	75,9
1978	4	90,2	86	86,6	85,7	80,3	83,5	83	83,5	78,4
1978	5	87,4	85	87,4	84,6	83,3	85	87	74,9	80
1978	6	85,3	77	83,9	83,6	83,3	84,1	83	78,1	82,6
1978	7	87,5	77	83,7	86,1	86,8	87,5	87	72,8	79,3
1978	8	84	66	76,1	83,7	84,6	82,4	82	71,9	77,8
1978	9	80	57	75,2	81,5	83	81,5	83	74,9	80,8
1978	10	78,6	56	77	79,6	78,5	76,1	78	75,7	77,3
1978	11	79,6	64	81,5	81,2	76,2	74,7	76	77,4	83,8
1978	12	82,5	78	85,5	79,9	76,8	75,4	79	79,2	80,4
1979	1	93,6	80	75,6	81	75,8	74,5	79	76,3	78,7
1979	2	94,1	87	80,7	80,4	74,2	77,5	80	80,3	76,9
1979	3	92,7	84	83,8	85,1	75,4	79,3	81	79,4	81,2
1979	4	91,5	83	79,6	83,8	75,7	80,1	83	78,9	80,8
1979	5	94,5	93	83,3	87,8	83,3	84,9	88	82,7	83,4
1979	6	93,3	74	76,4	88,7	82,1	82,9	82	81,4	91,8
1979	7	88,8	62,2	78	84,9	81,7	83	87	84,2	86,5
1979	8	81,5	61,5	79,6	84,7	87,9	80,1	83	82	84,7
1979	9	80	55,5	80,1	82,7	84,9	80,6	84	80,1	87,8
1979	10	81,2	66,4	79,6	81,4	70,8	75,6	81	79,5	80,1
1979	11	79,7	73,1	69,2	81,2	80,5	74,8	81	76,7	77,9
1979	12	87,6	83,9	79	80,2	79,2	73,3	78	77,2	77
1980	1	91,3	81	80,5	78,9	80,9	74	80	78,8	79,2
1980	2	93,3	87	83	81,6	86,2	80,3	87	78,9	78,3
1980	3	92	90,2	84,5	84,4	91	81	85	78,5	81,1
1980	4	90,8	89,4	82,8	83,9	90,4	82,4	84	80	78,9
1980	5	90	85,2	82,1	85,3	91,1	83,7	87	81,2	79,4
1980	6	90,6	80,2	80,6	85,1	90,9	85,9	88,2	79,5	90,8
1980	7	83,7	62,2	78,4	83,6	85,3	79,6	83	78	82,2
1980	8	77,2	51	76,7	80	81	81,2	82	76,7	77,3
1980	9	80,6	62	79	80,7	79,4	78,2	82	78	80,8
1980	10	81,9	65,3	77,4	78,1	80,6	75,8	81	77,2	79
1980	11	87,5	87,2	78,3	78,5	77,9	75	80	78,7	77,5
1980	12	89,3	88,4	81	78,1	76,1	76,2	80	76,8	83,9
1981	1	80	82	83,8	79,9	81,4	76,7	81,9	77,9	81
1981	2	90,5	87,2	80,6	82,3	88,6	75,7	85,4	80,5	81,6
1981	3	85,3	92,1	83,6	83,4	87	82,2	84	76,8	81,9
1981	4	86,7	88,7	78,9	84,3	90,9	78,4	86,7	79,9	83,3
1981	5	89	73	80,3	85,9	92,3	82,8	88,9	76,9	76,8
1981	6	84,3	73,5	80,2	83,6	78,4	80,6	87,7	77	74,3
1981	7	82,3	60,6	79,9	83,8	76,7	78,9	86,8	79,1	85,2
1981	8	80,3	50,8	80,8	81,7	76,5	78,6	84,7	81,1	88,2
1981	9	75,9	44,7	77,2	80,6	82,9	76,4	86,1	82	87,6
1981	10	75,2	45	78,4	79,4	73,2	72,8	81,8	72,5	81,6
1981	11	73,5	52	71,7	80,6	71,8	73	81,9	74,6	84,2
1981	12	76,5	84,6	75,4	83,2	76,5	76,5	87	76,9	81,4
1982	1	84,3	81	74,4	78,6	72,1	76,8	81	79,1	80,5
1982	2	88,4	92,3	80,5	84,5	73,3	79,6	84,5	85,8	80,2
1982	3	86,9	82	83,6	84,9	74,9	78,8	83,8	85	84,8
1982	4	91,1	85	85,4	86,2	90,8	83,9	87,1	91,4	81,9
1982	5	84,4	77	82,2	85,8	93,1	85,6	87,8	93,1	86,2
1982	6	83	70	83,1	88,4	93,9	85,6	89,7	92,9	85,3
1982	7	82,9	57,1	77,1	86,5	91,3	83,2	88,8	91,2	85,1
1982	8	80,5	51,2	72,5	86,5	87,4	81,8	86,1	84,5	86,8
1982	9	76,8	49	70,2	81,2	78	80,3	85,2	73,7	80,8
1982	10	75,5	53	69,1	78,4	67,6	70,3	81,6	74,4	81,8
1982	11	74,8	61,6	69,6	79,8	72,1	72,4	81,4	75	80,8
1982	12	74,7	53	71,1	80,1	73	73,2	82,7	75,3	81,3
1983	1	81,6	79,3	79	77,9	74,5	75,6	79	78	79,3
1983	2	89,1	89,8	81	79,3	79,6	80,9	82,4	78,1	86,3
1983	3	91	91,4	81	80,9	83,7	82,3	82,5	74,5	82,4
1983	4	92,1	90,3	81,2	81,3	83,6	83,6	83	75,1	81,6
1983	5	87	86,6	79,6	83,8	88,9	84,9	86,6	74,7	82,8
1983	6	86,8	76,5	77,2	82,6	89,5	83,8	88,4	75	77,6
1983	7	83,7	56,6	77,1	81	79,7	83,4	84	76,9	81,4
1983	8	82,9	53,5	78,8	81,1	81,8	79,7	84,6	76,5	80,5
1983	9	81,3	46,4	77,3	79,8	79,3	76,3	82	78,5	82,7
1983	10	82,1	52,2	78,4	84,9	78,6	76,4	84	79,5	84,3
1983	11	79	60	76	84,8	73,7	73,4	80	68,4	79,5
1983	12	82,6	82,1	78,5	79,5	73,6	72	80,6	77,3	81,9
1984	1	85,3	93,3	79,1	80,5	72,1	75,1	80,3	75,8	78,7
1984	2	86,2	92,2	79,9	79,2	72,5	83,6	81	79,2	81,2
1984	3	90,5	84	83,2	83,3	75,9	88,5	83,2	77,8	80,5
1984	4	87,5	92,6	83,9	83,9	82,3	89,5	84,3	77,9	79,4
1984	5	86,2	91,8	84,6	87,1	83,6	92,1	86,9	78,5	79,9
1984	6	88,5	82,4	81,8	85,4	81,1	91,5	87,8	76,6	76,6
1984	7	86,6	72,5	81,7	86,6	83	92,8	88,6	78,4	81,7
1984	8	84,8	58,9	79,3	84,5	77,8	89,3	88,2	77,8	82,2
1984	9	83,4	65	78	81,2	72,7	86,6	87	77,4	77,5
1984	10	83,2	64,5	76,3	80,8	72	84,7	86,3	77,5	74,2
1984	11	80,3	72,1	73,6	70,6	69,3	78,7	82,9	78,4	73,3
1984	12	80,6	89,3	74,3	70,6	69,7	75,4	78,4	79,2	79,5
1985	1	87,1	91,5	82,3	82,1	84,7	74,4	80,8	79,1	84,4
1985	2	88,9	93,5	83,9	83,9	88,6	78,1	83,6	78,4	83,3
1985	3	94,1	93,5	85,1	85,6	90,4	80,1	85,3	76,9	78,6
1985	4	90,9	93,9	85,1	86	91,3	91,3	87,4	76,1	81,7
1985	5	89,7	91,5	84,1	85,5	91,1	84,6	86,5	77,2	81,6
1985	6	86,7	81,4	79,7	84,4	91,5	85	87,3	78,3	81,7
1985	7	86,1	73,1	83,1	88,1	85,9	86,7	88,5	74,8	78,2
1985	8	84,3	54,3	82	87,1	92,3	81,4	88,6	74,1	76,2
1985	9	79,9	54	80,7	83,6	87,7	77,2	86,6	73,5	76,6
1985	10	81,9	63,1	79,6	78,2	67,6	72,4	79,6	73,8	78,5
1985	11	83,4	67,6	79,2	78,6	78	71,4	81,8	74,5	83,2
1985	12	85,1	90,6	81,9	79,4	70,2	74,9	77,1	78,3	85,5
1986	1	87,1	91,3	81,7	73,2	71,8	72,7	74	77,4	84,1
1986	2	88,5	92,3	83,3	78,3	74,6	76,9	73	81,8	86,2
1986	3	91,4	93	83,1	82,5	76,7	83,5	80	81,8	85,9
1986	4	93,6	92,8	84,7	82,5	79,7	83,8	82	80,6	83,6
1986	5	92,6	88,5	82,6	81,1	79,9	84,6	84	81	80,4
1986	6	90,8	76,2	81,9	83,7	82,6	84,3	86,7	76,9	81,6
1986	7	88,6	58,9	77,4	79,3	81	86,4	84	75	79,3
1986	8	86,7	52,1	78,3	78,7	89,7	81,8	82	75	77,3
1986	9	79,6	51,1	76,6	76,9	78,2	81,9	86,5	73,3	76,3
1986	10	79	75,2	76,8	73,8	72,4	76,2	76	73,2	78,3
1986	11	81	78,3	79,8	79,9	74,4	76,8	84,5	72,9	78,1
1986	12	83,5	85,2	78,6	76,9	74,5	78,6	78	79,9	82,8
1987	1	83,5	91,4	79,5	76,4	74	77,7	76	78,5	85
1987	2	88,9	89,8	80,5	75,3	74,2	78,6	77	81,5	83,7
1987	3	86,8	91,2	82	80,5	75,6	82,5	78	80,3	80,3
1987	4	86,7	90,2	83	80,6	74,5	84,3	80	78	77,6
1987	5	84,5	86,2	79,7	77,3	75,4	82,1	75	76,1	78,1
1987	6	85,7	78,5	77,5	80,8	80,7	85,9	82	74,4	75,8
1987	7	86,9	62,2	78,3	81,9	80	89,6	81	77,9	80,1
1987	8	82,3	60,4	76,7	75,3	74,5	80	81	76,3	79,9
1987	9	79,7	56,8	78	74	72,6	78,2	76	75,2	76,1
1987	10	77	68,2	78,3	75	70,1	78,2	74	72,7	77,9
1987	11	77,2	78,9	79,9	76,7	68,6	76	71	74,4	78,3
1987	12	76,9	84,9	79,6	78,4	70,7	75,4	79	80,5	84,3
1988	1	86,4	91	82	72,5	71,9	73,5	71	81,7	82,8
1988	2	85,3	91,4	81,6	74,1	69,3	70,9	72	77,7	84,2
1988	3	89,2	92,7	83	78,1	73,3	76,8	76	79,5	80,6
1988	4	89,8	92,7	83,2	84,4	78,7	85,4	83	82,9	80,8
1988	5	89,9	90,9	81,7	81,8	77	83,3	79	84,3	83,6
1988	6	87,8	84,3	79,2	81,7	78,6	82,6	82	82,8	81,6
1988	7	84,4	69,2	79,2	83,2	82,3	85,1	87,4	81,2	84,2
1988	8	82	53,1	76,9	77,8	79,1	82,3	82	78,5	81,9
1988	9	78,6	51,8	80,1	73,6	72,8	76	77	79,6	79,3
1988	10	76,7	69,8	80,6	72,1	71,8	73	80,9	78,9	83,7
1988	11	75,3	85,3	81	75	72,5	75,6	75	80,2	86
1988	12	74,9	90	81,1	75,4	75,1	74	77	79,6	84
1989	1	79,3	92	81,3	73,9	78	75,5	78	80	84,2
1989	2	83,6	91,2	80,3	75	80,8	72,2	71	81,1	84,6
1989	3	86,2	91,6	81,1	74,3	83,6	71,4	73	77,6	81
1989	4	85,3	93,3	83,2	86,3	83	87,1	85,9	76,3	78,9
1989	5	82,6	91,6	82,9	82,2	79,2	84,9	85,1	78,5	82
1989	6	81,8	85,3	81,5	85	80,8	86,1	88,2	80	81,5
1989	7	80,3	69,4	78,4	84,7	83,3	88,7	88,6	79,6	80,6
1989	8	77,9	58,9	80,5	80,8	77,7	81,4	90	79,4	79,7
1989	9	74,5	65,4	81	74,8	72,2	77	86,2	78,9	80
1989	10	72,9	66,6	79,8	74,6	70,7	75,3	84,4	75,5	78,1
1989	11	74,2	73,5	81,8	76,5	72	79,9	81,2	75	79,7
1989	12	74,1	86,5	81,5	79,7	72,2	78,3	79,1	73,5	80,7
1990	1	79	81	76,2	73,8	72,2	77,4	84,1	76,7	83,4
1990	2	85,2	92,4	82	75,8	72,4	78,6	82,3	79,1	82,2
1990	3	84,9	91,3	81,2	75,7	70,3	73,5	81,6	79,3	83,3
1990	4	82,9	91,1	83,1	78,4	72,3	79	87,2	77,3	80,3
1990	5	83,5	90,5	82,4	82,3	76,4	83,3	85	74,3	77
1990	6	81,5	80	82,4	82,9	79,5	85,2	89	74,1	75,6
1990	7	83,1	72,1	78,6	80,9	79,9	85,8	87,3	77,8	80,2
1990	8	80,9	55,8	80,2	82	78,8	84	87,2	77,9	78,2
1990	9	76,4	58,9	78,2	74	72,5	78,8	85,1	76	76,3
1990	10	75	63,5	78,1	74,1	71,5	76,6	85,1	76,3	78,7
1990	11	75,1	75,5	79,6	74,5	71,3	74,2	80,9	74,4	77,9
1990	12	77,5	90,5	79,3	74,1	69,6	72,3	81,5	74,5	82,2
1991	1	86,8	92,4	81	74,6	70,8	72,9	77,8	78,6	85,7
1991	2	86,1	92,5	81,4	75,5	73	72,7	82,1	80,8	83,1
1991	3	88,3	93,7	84,1	79,5	73,6	75,8	84,9	74,6	80,3
1991	4	86,7	92,5	82,6	81	76,4	78,1	84,6	74,3	79,3
1991	5	85,2	91,2	83,2	84,5	91,9	85,1	88,7	76,5	77,8
1991	6	83,9	85	82,5	82,9	79,6	84,2	89	81,5	78,3
1991	7	81,6	67	79,3	79,5	79,9	84,5	88,3	82,1	82,6
1991	8	79,3	51,9	80,2	77,5	76,1	81,3	88,5	81,6	82,5
1991	9	77,1	64,8	78,6	76,9	73,1	78	85,2	79,1	80,5
1991	10	75	76	80,8	76,4	72,1	76,8	84,1	80,3	80,6
1991	11	75,6	79,2	82,2	76,1	71,4	74,1	81,5	77,9	81,9
1991	12	77,4	83,8	79	77,7	69,8	73	77,9	81	85,3
1992	1	80,3	87,7	80,9	78,3	73,9	74,2	78,5	77,6	83,6
1992	2	85,5	91,9	83,4	81,1	74,2	81	86	79,2	83,1
1992	3	85,2	92,7	84,5	82,6	77,5	82,1	86,1	76,2	83,1
1992	4	88,4	91,3	82,1	82,8	75,1	77,1	84,4	79	83,2
1992	5	87,1	89,7	82,2	80,3	74,3	78	85,4	76,8	80,9
1992	6	82,7	82	80,4	84,5	81,5	85,2	91,5	75,1	76,3
1992	7	81,1	66,2	79	79,3	79	82,9	90,5	79,5	79,4
1992	8	78,7	62,5	79,1	80,1	79	83	88,9	81,1	79,4
1992	9	75,9	58,6	79,7	77,8	73,6	78,4	88,4	73,3	78,4
1992	10	75,9	53,5	80,7	72,8	69,7	74,1	82,8	74,6	76,3
1992	11	77,5	68,5	80,9	75	72	75,8	81,8	76,2	80,9
1992	12	76,5	85,5	80,4	74,6	72,3	73,1	77,8	73,2	80
1993	1	83,2	89,1	79,4	77,1	72,4	73,1	72	78	84,5
1993	2	82,9	91,1	81,4	76,3	71,4	70	70	78,3	82,5
1993	3	87,3	90,7	81,8	76,5	71,7	71,6	68	78,3	82,4
1993	4	87,8	80	82,3	81,5	73,6	77,2	72	76,6	80,6
1993	5	86	89,1	80,4	84,2	77,3	83,3	78	77,2	81,4
1993	6	82,3	67	79,8	87,2	82,1	83,3	90,2	79,4	82,3
1993	7	84,3	61	78,6	85,1	80,2	83,8	85,3	78,1	77,7
1993	8	81,1	54	78,2	81,4	75,2	82	87,8	78,7	78,5
1993	9	79,2	53	77,3	79,6	74,6	80,3	84	82,2	80,6
1993	10	77,5	56	78,9	79,9	74,4	73,8	83,3	76,5	78,2
1993	11	77,3	65	70,9	81	75,3	71,9	73	74,9	78,9
1993	12	76,7	71	79,7	79,7	73,6	71	71	73,6	78,1
1994	1	81	83	78,4	83,2	75,3	74	71	80,9	81,3
1994	2	81	84	82,7	81,3	74,2	72,2	72	77	84,1
1994	3	85,7	87	85,6	86,3	77	76,3	71	77,7	86,9
1994	4	87,9	88	88,1	87	79,2	82,4	73	74,7	82,3
1994	5	83,7	91,1	85,3	85,7	82,7	90,2	87,2	74,6	84,1
1994	6	80,2	84	86,9	90,2	84,9	90,7	79	72,7	77,7
1994	7	81,9	76,1	80,6	86,5	80	88,7	81	75,2	78,4
1994	8	79,9	63,4	74,8	81,2	74,4	84,9	81	77,7	78,5
1994	9	78,8	58	72,4	80,3	88,3	81,7	78	77,1	77,6
1994	10	75,9	62,1	71,5	76,9	71	74,1	73	73,9	78,5
1994	11	76,6	67,7	72,6	78,9	70,5	71,5	71	74,4	81,7
1994	12	76,7	71	76,4	79,3	73,9	72,8	70	71,4	81,4
1995	1	83,4	82	83	79,9	73,1	72,6	73	78,2	85,1
1995	2	80,3	84	79,7	77,7	73,2	73,9	73	75,9	82,9
1995	3	86,5	84	85	81,6	71,4	74,9	71	74	79,8
1995	4	86,1	88	90,2	85,6	76	82	79	77,6	83,3
1995	5	84,6	86	86,6	87,1	76,8	83,4	80	75,8	79
1995	6	84,7	82	82,2	86,5	82,2	86,5	81	76,3	75,9
1995	7	84,5	71	80,3	86,6	80,3	83,3	81	79,9	78,5
1995	8	79,1	53,1	71,9	80,1	72,1	75,6	79	75,3	75,2
1995	9	77,5	60	70,5	80,2	70,4	72,4	76	81,1	80,9
1995	10	76,7	60	72,9	78,2	71,2	69,8	72	76,6	80,5
1995	11	76	70	73,4	79,8	74,6	75,4	74	74,8	82,6
1995	12	76,5	75	73,9	78,8	71,4	71,4	68	75,8	83,8
1996	1	79,1	83	78	78,4	71,4	73,4	73	77,2	83,4
1996	2	85,4	85	80,6	78,5	73	73,3	68	75,3	83
1996	3	87,8	86	88	82,9	79,2	77,6	70	79,6	81,8
1996	4	86,4	86	88,4	84	81,3	85,6	80	80,3	82,4
1996	5	86,3	84	83,9	81,4	76,4	82	79	74,6	76,6
1996	6	84,4	77	78,1	85,2	80,2	82,2	79	75,9	80,2
1996	7	85,5	71	76	83,8	79,9	85,3	81	77,5	81
1996	8	80,6	64	77	83,4	79,6	81,5	81	76	76,5
1996	9	76,7	56	73,8	80,6	76,4	78,2	77	77,2	78,5
1996	10	76	60	73,8	80,3	72	73,9	73	78,4	83,2
1996	11	76,1	66	72,8	83,3	71,7	73,5	74	76,8	82,6
1996	12	77,7	65	73,1	81,5	70,3	72,2	74	78,4	85,8
1997	1	83,9	90,3	74,6	80,7	70,8	71,2	76	80,8	85,2
1997	2	85,7	79	76	79,5	72,1	74,9	78	79,3	88,1
1997	3	86,7	83	80,3	82,4	77	79,1	79	79,9	83,9
1997	4	86,7	84	85,2	84,7	79,2	82,3	82	78,2	81,3
1997	5	84,6	83	83,9	86,7	81,1	84,1	83	76,4	80,4
1997	6	82,4	76	78	84,2	77,7	84,6	83	75,5	76,7
1997	7	85,7	67	73,5	82,8	79,7	82,6	84	75,7	78
1997	8	85,7	68	74,1	83,7	77,9	80,7	82	78	79
1997	9	83,5	63	71,3	79,2	71,6	74,3	77	73,5	74
1997	10	80,8	63	71,6	80,2	70,6	71,6	75	77,5	73,5
1997	11	78,4	65	72,9	75,5	70,4	70,4	73	79,7	76,4
1997	12	82,3	69	73,9	82,3	71,9	73,4	75	80,1	86
1998	1	89,1	83	80,7	83,8	73,9	74,6	78	79,2	84,2
1998	2	89,6	89,8	77,9	79,9	72,6	71,2	77	81,4	84,5
1998	3	88,7	85	80,6	80,3	74	73	75	83,3	81,9
1998	4	90,9	83	81,2	84,1	75,6	75,7	75	77,7	81
1998	5	87,5	79	78,3	84,2	76,7	79,9	80	80,9	82,1
1998	6	88,8	69	75,1	84,6	76,3	80,5	80	80,7	82,9
1998	7	87,2	60	74,1	87,9	78,6	81,1	82	81,2	82,7
1998	8	78,9	55	72,9	84,2	81,1	81,7	81	77,9	79,6
1998	9	79,8	49	70,4	79,7	74,2	74,7	77	79	77,7
1998	10	79,7	47	71	77,6	71,9	73,3	75	78,7	84,2
1998	11	78,2	59	71,9	77,2	74,8	72,4	72	78,2	80,7
1998	12	80,8	71	72	76,6	71,9	69,6	70	79,5	81,6
1999	1	86,2	79	74,2	78,8	71,1	70,8	71	82,3	83,3
1999	2	84,1	85	77,2	78,5	72,7	70,4	74	79,1	81,8
1999	3	87,7	86	83,6	79,7	72,5	73,4	73	81,1	82,9
1999	4	88,9	86	84	81,4	71,8	73,8	73	76,5	81,3
1999	5	87	87	84,1	82,9	78	81,4	80	77,1	80,5
1999	6	87,6	81	79,4	80,4	77	80,4	80	76,8	80,7
1999	7	85,3	72	72,1	79,2	77,7	79,3	80	79,3	80,7
1999	8	79,6	63	70,3	79,3	76,4	79,2	81	78,4	78,1
1999	9	78,3	60	72,1	83,1	72,5	75,8	80	76,8	77,2
1999	10	77	61	70,3	84,1	73	73,3	78	75,8	80,1
1999	11	77,8	64	71,8	83,5	73,8	71,5	73	79,5	84,9
1999	12	80,3	72	74,6	86,9	77,6	73,3	73	80,3	83,7
2000	1	83,8	79	80,4	88,2	75	76,5	77	79	80
2000	2	88,3	84	77,9	89,8	76,9	76,9	75	80	81
2000	3	89,1	86	82,2	89,8	76	74,9	75	78	82
2000	4	88,5	86	86,3	91,6	83,1	82,9	76	81	85
2000	5	86,8	82	81,3	91,2	82,7	82,8	79	78	84
2000	6	85,7	80	80,2	93,4	85,5	86	80	79	83
2000	7	84,3	68,1	81,1	87,7	87,6	86,8	87,4	76	83
2000	8	82,6	53,3	80,7	86,6	81	81,1	87,1	79	83
2000	9	78	56,7	79	83,4	78,6	80,4	86,5	77	81
2000	10	75	51,2	80,2	83,3	72,5	73	83,6	75	76
2000	11	76	53,9	79,3	80	73,6	73	83,1	80	79
2000	12	77,9	80,6	79,8	80,4	77,1	76,5	80	81	79
2001	1	84,6	91,6	79,4	79,9	78,4	72,4	76	73	78
2001	2	88,2	93,4	79,6	81,3	72,4	72	74	75	76
2001	3	86,5	93,1	82,6	83,5	76,3	76,8	84,7	76	81
2001	4	86,9	91,2	81,9	84,4	80,5	81,9	78	73	80
2001	5	85,5	87,2	80,4	84,3	75,2	78,3	78	78	84
2001	6	84,9	78	81,5	86,4	82,3	85,4	85	78	83
2001	7	85,2	61,8	79,4	87	92,6	84	84	78	82
2001	8	82,2	45,3	77,3	83	86,5	78	87,3	77	81
2001	9	77,3	46,9	78,7	80,2	80,4	77	79	77	81
2001	10	75,7	53	72	76,1	80,1	78,3	80	79	82
2001	11	76,1	60	75,5	77	80,4	74,3	79	78	78
2001	12	76,5	67	77,4	79,8	80,1	77,7	82	79	79
2002	1	80,7	85	85,5	83,6	84,3	80,9	87	82	81
2002	2	83,7	80	80,7	81,9	83,5	77,8	80	77	78
2002	3	89,3	86	85,8	84,1	92,1	80,9	83	75	79
2002	4	90,1	85	87,5	84,8	79,7	80	80	74	78
2002	5	87,6	79	85,3	83,1	82,2	81,9	85	81	81
2002	6	85,8	75	83,5	86,4	86,4	84,7	88	77	84
2002	7	85,6	66	79,7	83,6	81,9	83,3	82	78	87
2002	8	82	58	76,8	84,7	78	77,7	86	75	82
2002	9	77,1	54	72,5	78,3	72,1	72,5	80	75	84
2002	10	75	48	73,5	79,7	74,7	74,1	78	73	78
2002	11	76,2	52	74,9	78,9	75,7	75,2	76	75	78
2002	12	79,7	71	74,9	79,7	76,6	74	74	78	78
2003	1	84,9	72	77,3	79	76,4	73	72	77	78
2003	2	85,1	86	84,6	81,1	77,2	77,3	74	74	78
2003	3	87,9	86	86,9	81,8	79,1	81,5	74	74	82
2003	4	90,7	86	85,6	82,3	75,9	79,2	75	71	81
2003	5	87,1	83	83,6	81,5	77,1	82	80	78	85
2003	6	82,6	82	81,7	84,2	85,5	86	83	76	83
2003	7	83,6	68	77	82	89,4	83,6	82	74	80
2003	8	80,8	64	74,1	80,3	88	81,3	80	78	83
2003	9	77,4	60	71,6	79,2	75,6	77,4	80	76	79
2003	10	75,6	59	71,7	77,8	71,7	74,3	77	76	76
2003	11	76,6	72	72,7	77,5	72,2	72,3	76	80	79
2003	12	78,3	71	74,5	78,3	73,4	71,9	76	75	75
2004	1	78,4	88	83,6	83	81,4	79,2	79	81	81
2004	2	88,2	94	84,4	82,3	76,7	79,2	78	77	80
2004	3	90,1	86	83	80,5	74,8	77,2	78	75	83
2004	4	90,1	89	81,2	81,5	77,7	82	79	76	84
2004	5	88,3	87	79,8	82,8	82,5	86,1	81	77	83
2004	6	84,4	81	82,6	87,4	84,5	88	85	75	83
2004	7	85,1	76	79,6	87,7	82,7	86,1	87	80	82
2004	8	80,8	71	73,8	84,4	78,2	82,5	85	80	82
2004	9	78,6	65	71,9	81	72,2	78,2	82	75	77
2004	10	76,9	64	71,5	79,1	71,8	73,8	78	76	80
2004	11	76,3	64	71,5	78,3	71,4	71,1	72	77	81
2004	12	79,7	64	73,1	81,3	72,1	69,4	70	76	76
2005	1	86,2	83	73,8	79,6	73,6	70,6	71	77	79
2005	2	86	86	75,9	78,1	74,1	74,9	74	78	83
2005	3	89,2	87	79,1	79,4	74,5	72,6	74	77	83
2005	4	90,1	83	79,9	80,9	75,8	78,3	78	78	86
2005	5	89,4	87	82,6	84,3	82,5	86,1	85	81	85
2005	6	86	77	83,6	88	88	87,5	84	79	88
2005	7	86	69	77,5	82,7	79,6	81,7	81	80	84
2005	8	82	62	71,5	83,1	81,5	83,4	82	78	81
2005	9	77	58	69,6	79,4	75,2	76,1	78	76	80
2005	10	75	55	69,7	78	74	74	74	75	77
2005	11	76	55	70,4	78,4	72,1	70,6	71	76	78
2005	12	80	69	72,2	79,3	73,5	73,1	74	78	79
2006	1	85	77	72,6	78	71,7	70,5	71	74	74
2006	2	85	84	77,5	78,1	72,5	70,5	70	78	73
2006	3	88	85	80,5	77,1	75,3	74,7	73	80	76
2006	4	91	87	86,6	81,2	79,8	80,5	79	80	86
2006	5	87	84	83,8	81,7	82,9	85,1	82	79	84
2006	6	83	79	81	84,7	83,3	83,5	83	81	84
2006	7	84	73	78,5	82,2	82,1	82,6	83	83	82
2006	8	81	67	72,3	78	80,3	79,8	80	78	81
2006	9	77	56	70,4	75,8	77,4	75	78	81	82
2006	10	76	56	71,9	75,7	75,1	70	75	81	83
2006	11	77	72	71,8	75,3	75,9	71	75	81	83
2006	12	78	74	73,9	77,5	77,2	73,2	81,1	78	80
2007	1	78	76	75,4	77	76	75	81,5	79	78
2007	2	88	85	81,1	77	79	76	84,2	79	84
2007	3	90	89	82	77	78	78	88,6	78	81
2007	4	90	83	83	80	80	80	88,1	79	82
2007	5	88	78	80,1	80	82	84	91,2	82	83
2007	6	84	71	77	84	85	84	90,1	79	82
2007	7	85	76	78,2	81	81	84	90,9	81	83
2007	8	81	53	71,3	78	79	81	90,2	77	81
2007	9	79	46	69,7	79	77	79	87,6	77	80
2007	10	77	49	71,1	76	73	74	85,2	77	81
2007	11	76	50	72,2	76	71	72	81,3	79	81
2007	12	80	66	76,4	75	70	71	80,5	78	78
2008	1	86	81	80,3	76	72	73	84,2	77	77
2008	2	86	81	76,3	74	69	69	84,9	76	80
2008	3	89	86	83,4	77	75	77	85	79	84
2008	4	90	88	87,4	82	78	82	87,2	80	84
2008	5	89	83	83,4	81	82	84	89,2	80	84
2008	6	86	74	81	82	80	86	90,9	78	84
2008	7	83	68	75	82	80	85	90	79	80
2008	8	82	62	74	81	78	85	87,7	79	83
2008	9	78	59	71	78	75	78	86,2	79	78
2008	10	76	53	71	76	73	75	79	78	78
2008	11	77	53	73	75	70	69	74	75	80
2008	12	79	75	74	74	71	70	74	76	82
2009	1	85	79	78	75	71	70	74	75	77
2009	2	88	82	82	77	75	79	77	76	79
2009	3	87	85	87	78	74	76	76	75	77
2009	4	88	86	88	82	80	84	78	76	85
2009	5	89	86	89	84	85	88	86	84	87
2009	6	84	80	84	83	85	87	86	77	84
2009	7	84	77	82	83	87	86	84	79	83
2009	8	80	68	77	79	77	82	84	79	82
2009	9	76	62	73	77	73	78	79	77	80
2009	10	74	60	71	75	69	71	74	76	82
2009	11	72	60	71	75	69	70	73	74	78
2009	12	71	68	76	78	74	73	74	72	78
2010	1	77	78	77	78	78	79	79	72	79
2010	2	79	76	77	80	75	76	79	75	76
2010	3	81	77	78	77	73	75	78	74	83
2010	4	89	83	82	81	78	82	82	79	88
2010	5	88	82	81	79	76	84	82	78	85
2010	6	85	75	77	81	79	86	84	81	83
2010	7	85	66	75	83	79	85	81	81	87
2010	8	81	57	69	79	78	83	80	75	82
2010	9	76	50	69	79	74	76	78	76	80

